Number of transactions in database = 5000
Average transaction length = 10
Number of items = 20
Large Itemsets:
	Number of patterns = 10000
	Average length of pattern = 4
	Correlation between consecutive patterns = 0.25
	Average confidence in a rule = 0.75
	Variation in the confidence = 0.1

Items:

ItemSets:
  13.4      1  11 6 17 8
  1.29  0.629  10
   1.2  0.628  9 9 8 14 19
  3.41    0.8  10 9 9 9 3 0
  1.05  0.874  11 0 11 6
  1.14  0.895  9 14 9 18
  1.05  0.749  9
  1.68  0.976  17 8 8 9 11
  3.98  0.843  0 7
  1.31  0.797  14
  1.38  0.459  14 7 6 12 2 6
  1.87  0.659  9 13 3 14 16 5 8 14
  1.12  0.725  10
  2.72    0.7  10 5 17 0 17 3
  1.48  0.783  8 10 0 14 0 7 0
  1.82  0.678  7 13 7 8
  1.67  0.742  14 14
  1.14  0.497  18
   1.3   0.59  14 3 8 17 19 10
  1.83  0.585  3 9 8 8 3 18 12
  1.35  0.713  17 3
  1.15  0.659  13 13
   2.7  0.704  11 14 11 7
  1.87  0.693  8 19 14
  2.79   0.68  4 3 11 8 17 11 17 14
  1.53  0.631  8 15 14 13
  1.19   0.83  3 12
  4.65  0.636  17 14 9 17 14 3
  1.18  0.843  3 14 17 0
  1.47  0.697  0 14
  1.13  0.824  3 16 13 11
  4.38  0.741  3 17 18 3 6 17 10
  1.58   0.96  11 5 9
   1.4  0.695  17
  1.11   0.77  3 8 8
  1.98  0.676  17 5 17 17
  1.26  0.782  8 12 17 8 12
  2.59  0.552  9 5 6 17
  1.23  0.788  5 8 9 17 11
  2.42  0.721  4 0 5
  1.29  0.712  5 18
  1.18  0.578  18 19 18 3
  2.52   0.63  18 3 7 18 7 12
  1.63  0.814  14 3 17 9 9
     1  0.857  17 9 17 13
  2.95  0.651  8 9 11
  1.45  0.675  16 3 10 13
  1.09  0.869  10 9 6 8 9 3 0 8
  2.89  0.735  8 1
  1.76  0.791  18 11 9 3
  2.46  0.769  11 9 3 6 19 8 3
  2.92  0.835  17 1 8 12 14
   1.5  0.822  9 8 3
  1.23  0.827  4 0 10
  1.54  0.788  11 3 14 7 3
  2.38  0.655  9 9 3 9
  2.56  0.767  7 6 9
  1.15  0.691  17 17 8 0 11
  1.85  0.831  8 3 14
   2.1  0.705  19 3 11 14 14
  1.25  0.713  14 6 17 11
  3.12  0.761  6 0 3 17 14
  1.07  0.555  0 19 0
  1.93  0.733  14 17 8 17 4
  1.05  0.889  19 10 9 14
  2.09  0.695  19 19 11 9 18 3 8
  1.64  0.832  14 7 8
  1.69  0.618  11 8
  4.62  0.593  8 11 9 11 9
  1.74   0.69  8 11 3 8 0 5 14 11
  1.18  0.564  12 17 3 10 9 14
  1.52  0.755  11
  1.94  0.644  11 11 11 3 11 9 11
  1.11   0.97  0 7 14 4 15 17 17
  2.55  0.686  9 11 14 7 11
   2.1  0.723  7 6 3
   1.3  0.783  17 17 8 14 19 4
  1.07  0.837  19 14 19 19 11 5
  1.06  0.595  8 14 9 17 8 12 10 17
  1.14  0.825  6 3 7 5
  3.85  0.588  14 18 11 0
   2.4  0.791  5 4 11 14 4
  4.25  0.639  14 11 3 14
  1.07  0.721  11 0
  3.87  0.771  11 8 11 10 10
  1.11      1  11 8 19 14
   5.4  0.582  11 7 14 3 11 8
  2.11  0.725  17
   1.7  0.605  17 4 5 0 15 17 8
  1.15  0.715  6 8
   1.2  0.831  6 8 9 18 6 13
  1.05    0.7  8 3
   1.3  0.717  8 3 11 15
  1.92  0.702  17 13 19 0 14 11 11 9 7
  1.31  0.765  16 14 17 15 14
   2.7  0.647  8 9 10 18 13
  2.01  0.715  18 3 19 11 12
  3.21  0.826  11 8 5 13 3
  2.92  0.646  17 16
  2.25  0.883  11 3 17
  1.02  0.948  0 17
  1.45  0.828  4 6
  1.75   0.92  0 9 4 13 19
   1.6   0.74  0 14 18 11
  2.94  0.706  11 14
  1.05  0.666  5 8 14
  2.41  0.536  8 11 7 3 14
  1.68  0.686  16 14 9 9
  2.91  0.956  16 19 6 17 8
  1.02  0.868  17 8 6 7
  1.38  0.972  17 11 15 9
  1.05  0.774  9
  1.51  0.791  0 8 12 14 19
  1.36   0.73  12 14 4 8 3
  1.38  0.835  12 4 5 8 17
   1.1  0.868  4 15 17 14 8 0 3 8 3 19
  2.19  0.788  15 19 14 9 10 18
  1.05  0.726  9 18 3 11 9 19 8 17 3
  2.18  0.741  3
  1.06  0.716  14 8 11 3 14 17
  4.73  0.792  17 17 8 17
  2.74  0.745  17 16 11
  1.27  0.824  11 9
  2.06  0.649  8 9 17 4
  2.05  0.582  11 9 9 11 8 17
  1.34  0.693  19 9 3 8 14
  1.33  0.684  8 18
   1.2  0.741  9 14
  2.04  0.923  14 4 9 19 9 9 14
  1.14  0.747  7 3 3
  1.24  0.689  8 8 11 11
  1.99  0.664  9 3 6 6
   2.1  0.776  9 11 11
  4.81  0.899  9 11 9 17 3 10 9 8 17
  3.69  0.823  3 0 3 5 10 9
   1.1  0.664  7
  2.81  0.636  7 9
  1.97   0.65  7 5 0 3 19
  1.42  0.703  3 8 0 11
  2.73  0.637  9 3
  3.03   0.71  9 3 3
  1.64  0.678  11 6 17 13 3 9
  2.67  0.785  3 10
  1.18   0.75  10 3 8 9 17
  1.41  0.806  17 17 9 11
  5.45  0.708  17 17 19 3 17 12 17
  1.01    0.8  18 3 11 8 3
  1.27  0.734  0 0
  1.24  0.811  0 0 8
  3.86  0.583  0 11 19 14 11 11 11 12
  1.56  0.637  7 15 15
  2.36  0.683  6
  1.15  0.773  18 12 17 2 5
  1.29  0.669  17 3 8
  2.46  0.612  17 0 17 9 0 16
  1.03  0.795  17 14 11
  1.87   0.66  3 11 15 0 11
  1.17  0.984  8 11 17
  3.45    0.5  17 17 11 7 6 9
  1.22   0.65  4 0
  1.12  0.668  19 18 3 7 19
   1.8  0.728  19 8 17 18 19
  1.68  0.751  0 8 12 14 6 5
  1.19  0.814  14 8 9 10 19
   3.1  0.905  19 6 10 14 3 5
  1.59  0.739  17 12 17 3
  3.82  0.751  8 14
  1.06  0.697  8 17 18 12 5 15
  4.53  0.664  12 5 12 3 9 11
  2.13  0.754  11 3
  3.56  0.781  11 8 9 3 0
  1.03  0.898  8 17
  1.21  0.615  0 18
  1.29  0.753  11 11 18
  1.41  0.756  5 8 6
  2.41  0.875  5 3 14 5 19
   1.3   0.73  5 5 11
  1.33  0.692  6 0 8 12
  3.14  0.699  14 18 3 9
  1.64  0.896  10 17
  2.33  0.805  10 17 13 8 11 9 9 3
  1.85  0.639  8 5 17 11
  1.08   0.74  8 19 5 11 8
  3.18  0.707  8 8 9
  1.69  0.883  18 4 12 10
  2.67  0.813  3 14 3 12 8 12 13
  1.75  0.821  8 9 17 7 5 19 5 11
  1.28  0.764  6 4 17 10 17 14 4
   1.6   0.87  4 18 12 11 16
  1.08  0.679  4 18 12 16
  3.23  0.877  18 0
  2.52  0.507  0 8 3 4 9 0
  1.21  0.867  3 5
  1.15  0.746  3 14 0
  1.98  0.516  13 15 14
  1.06  0.736  18 10 5 9
  4.46  0.717  3 17 12 8 3
  3.48  0.791  3 17
  2.74   0.82  3 8 19 8
  1.69  0.908  17 16 5 14 14
  1.13   0.74  17
  1.32  0.859  16 19 9 3
  2.72  0.867  5 4 5
     1   0.67  7 19 14 9 9
  2.02  0.884  12 11 7 17 18
  2.11  0.767  18
  1.02  0.987  11 17 3 9 17
  2.31   0.67  4 9
  1.17   0.93  17 11 8 17 14 15 9 11 7 11
  1.25  0.704  11 11 9 11
  3.58  0.803  10 14
  1.48  0.853  9 11 8 11
  1.65  0.797  11 7 18
  1.37  0.776  11 0 17 14 8 19
  1.66   0.63  9 19 4 14 3 16
  1.23  0.856  10 3 11 8 14
  1.57  0.758  4 18 4 18 8 9 17
  4.62  0.586  17
  1.61  0.878  17 1 3 14
  2.96  0.796  11 9
  1.96  0.799  11 8 14 16
  1.02  0.895  12 8
  1.92  0.777  3 1 12 16 11
  1.84  0.729  4 5
  1.07  0.766  9 14 9 8 4 17
  1.39  0.833  6 14 3 11
  2.41  0.789  3 8 17 17 11 5 9
  2.36  0.789  8 17 5 6
  3.23  0.601  5 16
  1.29  0.847  16 11 8 14 19 5
   1.1  0.604  3 11 12
   1.2  0.693  11 19 8
  3.15  0.789  11 11
  1.04  0.582  11 16 12 3
  1.63  0.751  19 9 3 11
  1.15   0.83  19 8
  3.22  0.744  11 6
  2.35  0.784  6 17 9 17
  3.06  0.925  14
  2.18  0.895  14 3 3
  1.01  0.728  14 19 10
  1.03  0.825  11 14
   1.3  0.789  17 13 8 10 9
   1.6  0.766  17 8 3
  1.35  0.663  14 12 8
  1.67  0.755  11 14
  1.54  0.796  14 3 3
  2.05  0.667  8 8 11 5
  2.22   0.96  8 8 11 0 0 11
  1.16  0.743  6 14 10 8
  1.14  0.634  19 11 14 12
  1.69  0.815  4 3 5
  1.03  0.723  15 17 14 6
  1.53  0.733  17 9 17 5
  2.14  0.725  19 3 8 8 6
  1.17  0.693  17 17
  1.42  0.837  9 11 9
  1.15  0.772  1 13 8 9
  1.33  0.821  13 0 9 16 7
  1.32  0.784  13 16 14 11 3
  1.06  0.816  11 19 14 18 9
  1.24  0.785  18 9 0
  1.25  0.651  10 17 10 11 12 9 8
  2.05  0.855  5 11
  1.99  0.877  11 16 11
  1.58  0.761  17 11 8
  1.35  0.841  11 12
  1.77  0.771  12 10 13 8
  1.12  0.711  13 14 17 5
  1.41  0.947  13 15 8
  1.29  0.766  12 8 16 19 8 17 13 17
  1.58  0.688  0 8
  1.05  0.601  17 11
  1.06  0.687  18 13 0 0
  1.16  0.946  9 0 11 4
  1.88  0.661  0 9
  3.17  0.898  9 8 0 13 9 5
  1.34  0.749  9 8 14 18
  1.05  0.662  9 14 11
  1.03   0.85  14 12 9 3 0 19 11
  1.36  0.776  9 5 11 9 3
  1.96  0.875  5 11 14 10
  1.11  0.758  19 17 13 9 11
  1.37  0.759  8 17 14
  2.05  0.666  14 9 8 3 18 11
   1.7  0.803  8 10 9 3
  2.19  0.846  12 11
  1.96  0.771  12 3 9 17 10
  1.78  0.904  3 9 11
  2.36  0.711  11 0 13
  1.41  0.695  13 18 11 8 7
  1.09   0.83  11 19 11
  1.13  0.793  11 19 9
  1.74  0.718  10 9
  2.77  0.552  11 0 5 19 17
  1.14  0.653  19 18 17 3
  1.02  0.834  9 17 11 17
  3.58  0.836  17 15
  1.11  0.759  14 11 11 11 3
  1.17  0.671  11 11 18 14 8 3 8
  1.44    0.7  11 11 10 18
  4.83  0.682  8 14 15
  4.34  0.869  11
   2.1  0.749  14 0 8 18 11 6
  1.62  0.768  15 3
     2  0.715  9 0 4 14 10
  1.12  0.868  0 3 14 9 7 18
   1.8  0.806  6 7 14 7
  1.34  0.891  14 11
  1.06   0.92  19 3 9
  1.88    0.7  19 19 9 19
  1.86  0.873  19 9 19 14
  4.58  0.675  11 3 11 3 5 0
  2.01  0.669  8 14 13 6
  1.54  0.948  8 6 12 7
  1.75  0.751  12 11 19 11
  1.02  0.655  7 3 8 15 3 0 9
  1.13  0.596  3 8 4 11 11
  1.46  0.744  3 11
  1.06    0.8  3 11 5 19 14
   2.1   0.74  18 8 11 6 8
  1.94  0.755  8 11 9 17
  1.64  0.636  8 18 9 17
  1.31  0.819  8 9 17
  3.44  0.728  10 17 6 9
   1.4  0.702  8 8 11
  1.55  0.934  0 17 6
  1.57  0.777  8 3 11 14
  2.08  0.641  5 17 9 14 3
  1.43  0.871  17 9 14 3 17 6
  1.87  0.785  11 14 10 8
  1.04  0.604  14 9 17 7 0
  1.48  0.731  18 17 9 3 7 17
  2.55  0.838  17 7 8 12 0
  2.21  0.864  10
  1.41  0.879  11 6 11 12 7 14
  1.78  0.832  3 17 7 13
  1.17  0.513  7 13 0 13 17 8 9 15
  2.49  0.747  8 0 7 9 17 11
  1.63  0.755  10
  1.27  0.881  3 11 9 0 11 11
  1.44  0.651  13 17 9 14
  2.72  0.837  3 8
  1.53  0.649  14 0
  1.33  0.648  0 7 3
  1.34  0.574  19 10 4 3
  1.05  0.904  17 8 8
  3.86  0.802  11 10
  2.27  0.516  8 14 14 18
  1.83  0.737  8 7 3 17 11 14
  1.04  0.758  8 17 11 1 18 5 8 15 3
  5.28  0.671  3 11 6 9 3 4 17
  1.23  0.764  9 8 7 0
  2.34  0.566  4 13
   1.2  0.755  4 10 14 16 4
  1.24  0.775  9 9 8 15 8
  1.69  0.672  15 8 13
  1.19  0.845  14 11
  2.02  0.762  17 11
  1.46  0.798  12 5 3 19 17 4
  2.24  0.591  0 2 8 10
  2.23  0.762  18
  1.86  0.787  17 1 17 8
  1.17  0.904  9 4 0
  1.36  0.823  17 17
  1.44  0.758  9 17 19 5
  1.62  0.677  6 17 14 12 11 1
  4.26  0.617  17 7
  1.47  0.729  8 3 8 9 14
  1.56  0.913  9 7 8
   1.9  0.771  9 11 11 14
  1.06  0.748  14 3 11 19 8 8
  1.53  0.743  11 3 8 14 19
  4.26  0.658  11 3 12
  1.37  0.705  12 0 17
  2.68  0.769  11 3 12 3
  1.08    0.8  15 3 5 12 8 14 9 19
  1.66  0.635  12 18 6 11 14
  1.89  0.537  12 11 14 9 13 19 9
  5.73  0.832  0 9
  3.64  0.845  11 11 3 11
  1.04   0.77  12
  3.74  0.853  8 14 17
  1.18  0.786  5 9 10
  3.56  0.645  9 4
  2.12   0.56  19 10 8 9 19
  1.49  0.948  6 3
  1.39  0.835  6 3 11 3 9
  3.39  0.817  11 3 9 6 13 11 9 8
  1.47  0.659  11 3
  2.08  0.907  11 0
   1.7  0.627  15 8
  1.08  0.708  15 8 14
  3.28   0.77  14 13 10
  1.49  0.672  14 17 11 8
  1.36  0.682  3 4 8 17 0 13
  1.89  0.777  8 14 11 0 14 11 6
  1.31  0.782  11 16
   1.2  0.693  11 16 8 12 10
  1.72  0.875  11 4 14 6
  2.27  0.707  3 8 17 17 12
  1.27  0.724  8 0 17 11
  1.01  0.824  0 11 11 3 7 3 11
  2.31  0.815  16 9 11
  1.79  0.619  11 11
  2.43  0.816  3 3 8
  1.78  0.865  14 3 5
  1.26   0.86  11 3 0
  1.98  0.734  14 11 3 5 17
  3.83  0.577  14 17 3
  1.25  0.672  14 11 14 0
  4.27  0.742  0 11 4 17
  1.87  0.734  11 6
  2.72  0.832  8 8 8 3
  4.49  0.675  14 9 5 3
  1.18  0.754  11
  2.19  0.762  11 3 13 13 3 3
  1.02  0.793  8 14 14 17
  3.45  0.831  17 11 9 14
  1.13   0.61  17 18 17 4 3
  1.81  0.905  17 4 14
  1.71  0.915  8 12 14 14
  1.26  0.598  11 11 8 17 19 17
  1.18  0.884  11 3 14 11
  2.01   0.72  18 9
   1.3  0.839  18 3 8 3 0
  4.79  0.737  12 9 3 7
  1.34   0.87  17 11 3
  3.49  0.689  9 11 14 11 14
  2.18  0.891  11 3 9 3 4 17 5
  1.21  0.713  9 5 6
  4.75  0.649  17 18
  4.78  0.727  17 10 8 17 15
  1.18  0.818  13 5 11 17
  2.04  0.717  7 0 11
  1.39  0.766  17 9 9 16
  1.14  0.653  6 17 8 11 14 5 13
  1.06  0.823  14 14
  3.32  0.718  8 0
  1.13  0.659  11 17
  1.23  0.724  17 14 13 3
  2.82  0.952  14 12 17
  2.42  0.704  10 8 18 17 13 9
  1.52  0.833  17 17
  2.69  0.607  17 14 7 14
   1.8  0.708  11 3 14 4
  1.16  0.746  10 4 9 9 11 12
  3.49  0.686  3 14 17 11
  1.52  0.701  11 10 17 3 3
  1.83  0.788  14 12 3
  2.34  0.688  4 3 3 6 3 14 19 11
  1.06  0.729  17 8
  1.42  0.752  9 4 14 11 0 3 3
  1.27  0.709  17 14 19
  1.41  0.872  8 10 11
  1.24  0.659  11 17 13 3 6
  2.05  0.848  7 3 5 3 11
  1.52   0.91  4 18
  1.36   0.81  18 9 19 9
     1  0.638  9 9 8 12 4 0 0 13
  1.04  0.681  3 8 11 18 3 14
  1.41  0.849  17 9 11 15 3 11
  2.31  0.701  10 10 6 16 11
  1.43  0.628  13 19
  1.49  0.537  14
  1.52  0.644  11 8 8 5 14 9
  1.87  0.761  5 19 3 14
  3.86   0.56  14 4 11
  1.42  0.768  9 0
  1.71  0.759  7 12 6 8 5
  4.45  0.615  17 4 3 3 10
  1.74  0.605  3 11 8 17 9
  2.99  0.739  8 9 5 8 8
  2.53  0.717  11 5 8 6 19
  1.61  0.776  8
  2.03   0.67  17 12 3 14 8 19 8
  2.13  0.712  8 8 16 4 7
  1.01  0.631  11 3 9
  1.77  0.654  8 14 9
  2.12   0.48  11 8 10 9 11 12 3 17
  1.92  0.966  11 12 17 8 19
  2.48   0.88  11 12 11 3 10
  1.64  0.699  9 11 4
  1.63  0.762  12 11 17 19 16 10
  1.09  0.724  0 0 0
  1.33  0.817  0 9 17
   3.2  0.813  9 17 6 3
  1.51  0.494  8 19 3
  1.28  0.797  11
  1.64  0.741  10 19 3 11
  1.05  0.616  11 17 8 12
  1.04  0.864  10 13 3 7 0
  1.97  0.745  11 11
  2.42  0.707  11 13 14 14 8
  3.78  0.801  13 18 14 9 17 17
   1.1    0.7  14 18 11 11 17 14 17
  1.33  0.934  14 17 19 9 17 10
  1.36  0.941  5 13 3 18 16 15
  3.87  0.753  8 8 11
  2.26  0.763  11 12 7 14 18 13
  1.03  0.636  8 17 0
  3.05  0.845  6 19 7 16 9 0 13 5
  1.25  0.793  0 3 5 17 17 14 9
  1.94  0.781  0 3 3 3 5
  2.15  0.661  12 17 5 10 11
  1.65  0.724  7 3 9 9 19 11
   1.2  0.948  9 17 3 14 11
  1.03  0.714  7 11 9 17
  2.36  0.671  7 9 11 5 3 3 14 6
  1.27  0.831  13 11 11 14 4 17
  1.24  0.886  12 17 11 3
  3.61  0.538  11 11 10 14
  1.64  0.616  3 9 9 12 11
  1.18  0.915  14 5 3 11
  2.54  0.769  17 15 14 9 17 9 17
  1.12  0.788  9 11 0 5
  4.01  0.798  11 0 12 11 17 17
   1.1   0.64  9 17 19
  1.75  0.701  17 16 9 3 5 0
   1.1   0.68  5 0
  2.13  0.664  0 6 17 18 11 4 3
  1.07  0.877  5
  1.38   0.68  3 17 17 11 13
  1.09  0.878  11 17 19 13 11 17 7
  2.43  0.781  7 4 13
  3.54  0.706  3 17
   4.8  0.913  14 17 11 11 10
  1.15  0.653  11 5 8 3 12
  1.56   0.62  17 0
  1.55  0.837  12 11 17 5
  3.28  0.816  11 3 5 18 5 3
  1.43  0.859  14 11 0 0 3
  1.15  0.862  8 9 6
  3.56   0.66  8 9 6 9 8 17 17 3
  1.91  0.684  11 11 13 11 17 7
  1.39  0.883  4 6
   1.3  0.729  8 17
  1.31  0.921  9 17 8 17 3
  1.69  0.696  0 9 3 14 13 3 11
  1.82  0.735  17 3 17 14 8 7 8 11 10
  2.37  0.709  12 17 14 11 3 8 14
  1.09  0.661  14 8
   1.8  0.992  3 8 11 9 11
   1.7  0.606  15 10 7 3 11 11
  1.48  0.645  6 11
  1.93  0.691  10 9 14 19 8
  1.06  0.952  14 7 3 10 11
  5.62  0.692  16 12 16 9 9 5
  3.63  0.695  7 7
  1.03  0.634  9 12
  1.45  0.806  13 11
  1.02  0.701  5
  3.52  0.696  12 11 11 19
  2.74  0.831  19 13 8 8
  2.17  0.753  11 18 11 6
   1.1  0.651  11 6 14 3
  3.95  0.815  14 11 8 8 5
   1.2  0.696  8 14 4 5 17 11 9 12 17
  1.38  0.729  9
  2.16  0.748  4 18 3
  2.07  0.827  4 0 1 15 5 8 3
  1.14   0.61  12 17 14 1
  1.01  0.889  6 18 18
  2.61   0.68  11 14 18
  1.96  0.714  12 3
  1.21  0.736  3 11
   1.8  0.768  8 7 5
   1.1  0.819  14 7 1 5 11
  2.29   1.07  11 14 14
  1.05  0.953  15 5 11 3
  3.43  0.796  17 11 10 11
  1.39  0.812  12 16 5 11
  1.58  0.577  11 5 0 12 11 7 13 17
  1.11  0.738  17 3 14
  2.47  0.786  19 14 11 9
  1.97  0.736  14 9 5 18 9
  4.61  0.825  11 17 4
  1.36  0.853  17 11 17
  1.21   0.71  9 12 11 19
   1.7  0.664  9
   1.8  0.889  8 16
   1.2  0.827  17 18 12 11 0
  2.21   0.74  0 3 8 7
  1.11  0.667  11
  2.12  0.588  7 8 6 15 18
  1.16  0.669  17 9
  2.58  0.872  17 9 17
  1.79  0.709  17 17 14 8 10
  1.88  0.753  3 3 15 3 11 7 8
  2.54  0.833  9 9 11
  2.99  0.704  8
  1.26  0.839  0 9 11
  2.77  0.687  9 11 17 3 0
  1.74  0.639  18 3 7 18
  1.35  0.803  17 17 4
     1  0.773  4 13 6 11 11
  1.03  0.733  3 17 17 9
  1.83  0.636  3 14 0 12
  1.81  0.752  14 0 12 9 4
  1.38  0.787  8 8 0 18
  2.29  0.852  14 8
  2.59  0.779  8 10 11 6
  1.85   0.76  3 8 14
  1.95  0.786  3 19 8 17 6
  1.88  0.958  11 14 7 8 0
  1.77   1.03  11 0
  1.65   0.64  9 8 8 8 8 16 7
  1.04  0.708  19
  1.01  0.491  11 19 14 10
  1.14  0.767  11 11 11 10 17
  1.13   0.73  16 7
  1.03  0.731  7 3 5 12 11 17 11 8
  2.49  0.753  14 13 17 10 4
  2.67  0.845  12 18 14 17 11 11
  1.02  0.848  9 9 16 14
  2.11  0.734  9 16 17 11 9 14 12
  3.05  0.867  15 17 3
  1.68  0.894  3 17 9 14
  2.36  0.672  16 12 19 11
  1.06  0.784  9
  1.44  0.552  9 4 18
  1.61  0.661  9 8 3
   1.7  0.799  17 9 13 12
  2.47  0.564  13 18 14
  2.19  0.767  13 0 11
  2.41  0.746  13 11 7
  1.17  0.573  11 8 0
   1.3  0.815  13 1 16 11 10
  1.15  0.969  7 17
  1.06  0.736  11 17 7 12 5
  3.37  0.538  10 17 5 4 8 9
  1.32  0.783  10 7 8 11 11
  1.23  0.825  7 9 17 6 5 9 12
  1.14  0.669  9 7 11
  2.16  0.745  6 14 8 11 17 11
  1.14  0.795  17 8 16
  1.82  0.849  11 13 17
  1.29  0.842  13 17 8 13
   1.4  0.923  8 14 10 6
  4.49  0.655  8 14 13 5 6 11
  1.37  0.876  11 11 0
  1.54  0.687  18 8 11 4
  1.18  0.753  0 9 3 3 12
   3.9  0.658  0 3 3 0 7
  1.42   0.67  0 3 3 3
   3.4  0.912  11 8 11
  1.33  0.815  12 13
  2.65  0.713  17 8
  1.09  0.661  17 7 17 8 14
  4.82  0.821  9 5 7
  2.85  0.846  7 14 5 5 8 17
  2.07  0.774  13 11 15 10
  1.17  0.785  4 8 11 3 15
   3.5  0.893  0 14
  1.17  0.991  0 14 8 11 19 10 11
  1.55  0.703  17 5 11 14 16 11
  4.29  0.708  8 9 16 12
  2.97  0.738  8 8 11
   1.7  0.569  8 11 8
  2.58  0.857  8 7
  2.06  0.958  7 8 11 11 18
  1.61  0.652  11 3 3 17
  1.05  0.952  3 17
  3.76  0.666  14 16 8 3 17
  1.32  0.939  19 14 17 0
  1.09  0.726  8
  3.33   0.66  8 9 8
  4.71   0.88  8 3 15 11
  1.73  0.861  17
  1.16  0.821  12 11
  1.29  0.839  12 6 5
  1.34  0.882  9 0 15
  1.76  0.619  0 0 3 9 14
  1.99  0.565  14 2 0 12 12
  3.07  0.603  14 19 9
  1.16  0.771  10 9 8 18 5
  2.44  0.648  13 17
  1.13   1.07  4 8 9 9
  3.43  0.744  15 7
   2.1  0.749  18 7 11
  1.53  0.902  19 4 6
  4.65  0.534  8 5
  3.31  0.684  18 18 17 8 16 9
  1.76  0.483  18 3 4 8
     7  0.763  11 14 9 14 3
  1.03  0.666  0 11 11 3 17
   4.5  0.635  11 6 3 14
  1.56  0.761  13 17 2
  1.93  0.654  6 3 9 3 17 12
  1.35  0.706  6 8 0
  2.34  0.671  3 0 11
  2.09  0.832  9 11
  1.79  0.743  9 11 17 11 3 3 8
  3.63  0.667  14 14 19
  1.71  0.688  17 11
  2.23  0.749  8 9 8
  1.89  0.675  9 18 8 4
  1.87   0.83  8 4 3 8 12
  1.61  0.663  4 14 11 3 4 9
   2.8  0.795  3 8 15 17
  2.37  0.816  11 3 12
  2.73  0.701  11 3 15
  1.51  0.699  15 11 14 14 8
  4.22  0.533  3 12 0 11 19
  2.27   0.93  15 0 15 9
  2.91  0.709  19 6 8
   1.9  0.824  19 4 8 14 9 5 7
  1.72  0.616  14 8 14 14 17 17
     1  0.641  14 19 14 0 0 0
  1.68  0.681  4 0 3 8
  1.12  0.612  4 7 14 18
  1.51  0.714  1 11 8 0 14
   1.3  0.836  16 14
  1.39  0.859  9 11
  1.26  0.575  9 11 14
  3.45  0.614  11
  1.41  0.771  8 17 7 14
  3.68  0.722  11 8
  1.35  0.669  10 8 17
  1.51  0.669  14 0
  2.54  0.869  3 17 4 17 14
  1.14  0.725  6 5 3
  1.71   0.69  8 17
  2.05  0.793  17 8 11
  1.42  0.755  10 8 19
  3.28  0.614  9 4 17 8 0
  2.62  0.764  3 5 19 8 19
  1.43   0.79  17 0
  2.56  0.803  8 3 12 8 3 14
  1.16   1.02  3 17
  1.29    0.5  9 4 10 10
  1.21  0.729  6 14 8 0
  1.65  0.684  8 19 12 14 18
  1.21  0.876  8 9
  1.49   0.66  17 19 9
  1.18  0.716  9 8 19 12
  1.56  0.756  3 8 7 11
  1.13  0.727  3 11 18 11 9 11
  2.36  0.768  3 5 5 14 0
  1.47  0.764  5 11 10 4 7 17 8
  3.98  0.593  8 8 8 11
  1.49  0.822  17 18 9
  1.44  0.703  14 4 17 0 17 17 8
  2.07  0.716  11 11 8
  4.94  0.726  0 3 17 5 11
  2.66  0.702  3 11 15 3 6
  1.93  0.782  10 3 8 10 17
  2.77  0.777  10 3 8 17
  1.14  0.698  12 11 12 11
  3.59  0.802  3 14 14 7 9
  3.15  0.634  11
  1.23   0.72  19 3 7
  4.17  0.897  4 17 8 12 3 14
  1.37  0.677  19 8 14 13
  1.83  0.718  14 8
  1.39  0.755  14 3 17
  1.78  0.643  3 8 6 11 17
  1.79  0.733  7 9 4 17
  1.77  0.663  17 11 8 9 11
  1.02  0.776  12 17 18 5 14 5
  1.83  0.661  11 19 0 14
   1.3  0.875  0 12 11 11 8 5
  2.33   0.83  8 0 3 17 14 9
  1.36  0.749  4 12 16 17 10
  1.51  0.726  0 16 11
  1.14  0.763  0 16 10 14 9
  1.68  0.748  18 5
  1.11  0.788  3 12 13
  1.63  0.804  7 7 7 17
  1.26  0.789  7 18 8 13 3 8
  1.14  0.846  9 0 19 11 11
  1.46  0.702  10 17 14 0 8 14 9
  5.54  0.814  3 3 7 14
  2.02  0.734  14 9 11 0
  1.48  0.856  11 9
  2.43  0.678  11 8 11 0 9
  1.09   0.83  11 11 8 3 14
   1.9   0.65  17 10 18
  3.26  0.955  7 10
  5.15  0.771  11 11 19 13
  1.35  0.727  17 10 5 9
  1.77  0.724  15 11 13 6 11 17
  4.94  0.688  15 7
  1.39  0.915  13 8 11
  2.62  0.653  8 8 14 6
  1.05  0.741  12 0 9 17
  5.57  0.951  17 3 14 15 3
  1.06  0.721  14 0 13
  1.32  0.708  13 14 11
  3.93  0.869  3 3 3 8
  1.05  0.764  3 3 10 14 3
  2.24  0.891  16 13 8 17 16
  2.84  0.759  4 14 7 5 14
  1.06  0.865  17 3 7 9 5
  2.18  0.608  17 3 9 5 14 3 10 3
  1.62  0.696  6 17 8 18 7 13
  2.21  0.866  8 5 17
  1.22  0.659  5
   1.6  0.874  9 3 3 11
  1.28  0.681  3 9 17
  1.23  0.727  3 17 4
  1.04  0.877  0 9 7
  1.76  0.679  0 11 12
  1.26  0.836  19 8 3 11 8
  1.31  0.712  3 13 8 0 9
  1.62   0.84  3
  2.68  0.582  17 12 3 9
  1.94  0.635  12 11 0 17
     1  0.661  8 14
  1.31  0.648  8 14 8 8 11 8
  3.06  0.807  19 5 14 14 3 11
  1.19  0.855  9 12
  2.16  0.779  17 17 11 11 11
  3.85    0.8  10 7
  2.89  0.774  15
  3.01  0.831  8 8 13 18 17
  1.23  0.943  8 12 10
  3.26   0.77  17 13 17
  1.43  0.837  9 13 13 4 0
  1.79  0.867  16 18 17 17
  2.77  0.788  5 19 0
  1.51  0.785  17 14 0 8 6
  1.62  0.615  14 13 18
  1.12  0.894  17 17 14 14 13 5 10
  2.42  0.602  11
  1.71  0.858  8 17 13 9 3 13
   1.2  0.831  9 11
  4.97  0.874  11 0 3 13 8 6
  1.95  0.864  15 8 19
  1.41  0.831  7 8
  1.76  0.828  0 9
  1.93  0.744  9 9 1 11 11 18
  1.48  0.787  17 4 11 14 11 14
   1.9  0.842  5 14 10 9 16 17 14
  1.09   0.88  11 17 11
  2.17  0.787  17 6
  2.37  0.825  17 9 4 17 8
  2.09  0.805  9 11 10 19
  1.13  0.756  17 19
  1.25  0.577  17 19 8 3 0
  2.06  0.625  17 9
  3.03  0.701  9 5 8 5 8
  1.07  0.906  11 3 19 15 10
  1.05  0.737  11 3 17 3
  1.15  0.763  11 14 14 7 3 9
  1.35  0.699  3 7 17
   2.4  0.819  7 4
   3.3  0.777  11 11 18 17 18 3 12
  1.91  0.848  11 18 3 10 3 3
  4.29  0.799  8 11
  4.12   0.72  11 11 15 8 12 11
   1.1  0.724  11 4 4
  2.07  0.879  9 0
  2.84  0.701  9 10 8 7
  1.52  0.818  10 0 9
  1.99  0.715  0 0 10 12 3
  1.19  0.765  13 18 11
  1.43  0.797  3 14 18
  3.84  0.804  3 3 1 12 5
   2.1  0.839  14 11 17 8
  1.71  0.799  11 19 17
  1.21  0.708  6 16 15 8
  2.21  0.841  14 8 13 9 7 10
  1.48  0.798  3 3
  1.05  0.661  9 17 12 8
  1.57  0.811  7 10 19
  2.02  0.632  7 19 7 3 17 9
  3.88  0.723  10 5 19 3 9
  1.37  0.576  9 19
  1.92  0.734  3 11 0
  1.68  0.643  11 3 17 9
  3.54  0.553  11 7 12
  1.55  0.745  17 0 8 6
  1.14  0.797  8 8 9 17
  1.63  0.702  8 8 9 17 18 8
  2.66  0.663  11 4 4 13 9 17
  1.05  0.674  11 9 17 3 7
   2.1  0.697  3
  1.21  0.753  3 8 8 18
   1.7  0.616  18 3 17 19 18 14
  1.85  0.773  17 3
  1.11  0.832  3 4 8
  3.17  0.694  8 11 11 8
  1.06  0.566  8 9 18 10 8 17
  2.22  0.739  11 11 13
  1.11  0.832  11
  2.03  0.646  11 3
  1.03  0.608  16 7
   1.2  0.814  12
  3.34  0.859  15 8 9 17 11 9 3
  1.94  0.825  8 7 14 19 11
  1.35  0.648  11 17 9 13 8
  2.68  0.837  3 16 17 13 7 10 6 12 11
  1.39  0.693  11 4 5
  1.96   0.72  17 9 7
  2.26  0.582  7 8 10 12 9 8 15 11
   2.3  0.827  17 9 15
  3.27  0.475  11 16 0 8
  3.86  0.833  9 3 18
  1.95  0.597  17 4 17
  1.44  0.778  4 12
  1.65  0.974  4 11 8
  2.81  0.765  8 4 11
  1.15  0.821  11 11 0 9 11
   2.3  0.817  11 0 3 8 14 11 8
  1.98  0.697  15 8
  1.44  0.779  15 11 9 11 5
  1.08  0.779  9 9 10
  1.33  0.652  7 12
  3.72  0.596  14 6 12 9
  1.58  0.707  6 18 12 17 11
  2.99  0.746  8 19 4 11
  2.53  0.731  9 17 11 11 11
  1.61  0.668  3 9 12 3 15
  4.68  0.626  11 5 19 5 8
  3.78  0.749  3 14 9 15 15 14 8
  4.05  0.848  5 17 3 11 14 8 6
  1.83  0.827  17 5 3 11 17 14 3 11
  1.79  0.813  5 3 1 8 8 17
  3.62  0.767  13 17 9
   1.7   0.84  0 19 6 11 9 15
  1.21  0.702  9 9
  1.96  0.641  9 12 3 14 9
  3.24  0.678  9 3 8 11 7
  3.86   1.02  11 8 9 3 12 17
  2.79  0.526  11 12 0
  1.74  0.819  14 9 11
  1.21   0.89  17 8 6 7
  4.14   0.57  17 6 7 0
  2.29  0.773  18 8
  1.16  0.773  17 11 6 8 17 3 0
  1.09  0.657  11 14 8 7 10 8 13
  1.54  0.894  19 7
  1.43  0.603  5 11 14 6 6
  1.37  0.791  8 9
  2.51   0.67  9
  1.25  0.813  9 9
  1.92  0.611  9 9 17 11 1 5 11 5
  1.39  0.836  14
  1.72  0.824  3 11
  1.28  0.776  12
  1.77  0.635  12 3 17 15
   1.6  0.729  17 10 12 0 16
   2.4  0.631  10 17 16 14 5
  1.31  0.864  17 18 9
  1.45  0.653  15 9 11
  3.48  0.813  9 7 10 0 9 18
  3.71  0.848  7 11 18 10 17 8
  1.81  0.768  7 9 3 18 8 10
  3.04  0.878  8 8 7
  1.83  0.813  7 0 16 12
  1.52  0.757  7 11
  1.16   0.72  17 17 11 5
     2  0.709  8 8 3 11
  1.98  0.651  3 8 3 9
  3.53  0.756  11 11 3 7
  1.18  0.684  17 19 14
  1.05  0.815  11 7
  3.72  0.675  11 7 11 11 18 16
  1.09  0.768  7 11 18 16 19
  3.53  0.894  3
  3.23  0.684  8 5
  2.39  0.669  19 9
  3.25   0.86  15 17 9 14 11 17
  2.25  0.825  8 14 8 0 8 14 11
   1.2  0.767  3 15 8 9 3
   3.7  0.622  17 3 11
  1.69  0.689  18 9 0
  3.13  0.741  9
  2.09  0.627  3 3 12
  1.69  0.868  3 0 14 19 17 17
  2.02  0.859  10 6
  1.47  0.882  2 14 17
  4.03  0.858  17 0
  1.72  0.779  6 14 7 5 1 11
  1.49  0.757  18 11 4 9 5
  1.36  0.908  0 10
  1.49  0.813  19 5 14
  1.59  0.849  8 9 14 8 9
  1.52  0.812  11 18 11 11 5 4 5 19 11
  1.59  0.856  17 9 3
  1.62  0.691  17 16 19
  2.22  0.651  14 11 9 8
  1.87  0.731  10 6
  2.02  0.643  10
  1.55  0.724  9 7 8 3
  1.54  0.808  17 14 18 8 3
  1.05  0.588  5
  1.39  0.698  17 19 14
   1.6  0.929  14 2 9 8 17 9
   2.4  0.644  11 8 17
  1.77  0.811  3 9 8 9 8
  1.57  0.729  8 8
  1.67  0.849  19 5 7 8 17 14
  1.05  0.745  3 8 7 12 11 10
  1.81  0.635  11 1 12
  2.32  0.668  8 13 19 8
  3.26  0.801  18 5
  3.47  0.864  8 16 0
  1.87  0.709  16 4 11 11 11
  2.34  0.716  11 13 3 8
  3.09  0.671  3 15 19 8
  2.41  0.594  9 11 2 17 11 14
  1.72  0.635  2 5 8 14
  1.84  0.818  3 17
  2.39   1.02  17 7 0 3 8 8 17
  2.66  0.715  3 8 7
  1.42  0.789  8 7 9
  1.21  0.557  13 17 8
  1.98  0.754  14 3 6 9
   2.6  0.833  3 3 12 8
  1.72  0.626  15 1
  2.18      1  8 14 7
  1.01  0.593  5 14 1
  1.93  0.568  17 18 3
  1.01  0.812  12 12 18
  2.66  0.681  17
  4.39  0.838  4 13
  1.61  0.721  11 18 6 5 8
  2.64  0.793  12 8 9
  4.63  0.725  4 5 10 9 17
     2  0.727  3 8 11 19
   2.1  0.735  0 9
  4.02  0.815  0 9 14 14 6 9
   1.7  0.717  19 8 9 13 17
  1.05  0.658  3 17 16
  1.08  0.735  4
  1.34  0.788  11 11 14 14 3 17
  1.09  0.889  7 18 17 3
  2.54   0.74  18 16 11
  3.27  0.755  10 4
  4.98  0.876  17 15 12
  1.75  0.805  17 15 3
  4.01  0.692  8 3 9 14 9 1
  1.34  0.693  17 8 14 8
  1.23  0.742  3 8 11 13
  1.15  0.714  8 11 9
  6.38  0.623  19 17 7 10 18 14 13 9 8 6
   2.5  0.732  10 17 3 11 14
  1.95  0.727  6 9 3 18
  1.38  0.653  19 11
  1.04  0.785  11 7 5 11 4
  4.28  0.726  0
  1.52  0.576  0 9 11 3
   2.4  0.899  6 18 9
  1.23  0.798  8 13 6 3
  1.21  0.845  14
  1.33  0.745  3 5 9 7
  1.41  0.775  3 9
  1.96  0.693  4 16 8 5 8
  1.71  0.782  8 7 11
  1.72  0.742  3
  1.49  0.888  3 9
  1.54  0.928  11 13 0 17 18
  1.35  0.581  17 8 3 17 11
  2.01  0.802  3 6 8 5 14
  1.72  0.474  11 7 16 8
  1.53  0.679  18 13 5 13 10 9 17
  1.24  0.674  6 1 11 3 7
  3.58  0.811  8 0 14 5
  1.54  0.855  8 17 9
  4.01  0.836  11 9 17 8 14
  1.32  0.616  5 13 8 5 9 8 14
  1.09  0.854  17 9 11 3 17
  2.02  0.747  17 3 14 11 14 9 4 8
  2.12  0.647  9 8 3 6 15 14
     1  0.873  14 9 11
  1.01  0.807  8 8 17 11 4
  1.13  0.662  17 14 17
   2.6  0.696  9 17 13 6 3 9
  3.46  0.756  17 3 8
  1.09  0.631  3 9 9
  1.39  0.692  9 8 18 17
  3.39  0.709  12 18
  1.15   0.71  14 9 3 12
  6.72  0.737  14 11 14 11
  1.12  0.752  14 17 9 0
   1.3  0.733  8 15
  1.78  0.828  11 8 5 14 10
  2.49  0.641  15 17
  1.93  0.846  14 7
  1.41  0.788  8 14 1 17
  1.33  0.714  0 9 7 11 5 5
  1.18  0.701  0 13 9 7
  1.16   0.75  0 8 6
  3.12  0.643  13 17 11 12
  3.68  0.784  0 19 5
  1.66  0.628  8 19 11 8 12 0 16
  1.37  0.849  8 14 11 16 11
  1.87    0.6  8 14 16 19 0
   1.8  0.751  11 11 18
  1.97    0.8  9
  1.17  0.801  9 11 9 17 18 14
  1.81  0.733  9 9
  1.78  0.744  9 3 16
  1.32  0.872  14 13 14 6 11
  1.35  0.808  7 3 9 8
  1.44  0.621  15
  1.22  0.636  16 11 3 8
  1.11  0.699  18 8 17 3 15 8
  1.02  0.718  18
  1.06  0.618  0 8
  1.72   0.88  11 5 6 4
  1.52  0.814  6 4 18 11 11
  2.12  0.651  11 17 3 3 8 9 3
   2.3  0.773  4 17 10 15 3
  1.49  0.851  11 11 18 19 12
  1.07  0.717  19 3
  1.78  0.652  10 14 7 16 8 10 17
  2.15  0.902  9 5 17
  1.61  0.796  5
  1.18  0.712  4 3 11
  1.34  0.745  17 11 4 7
  6.54   0.82  11 8 12
  2.91  0.618  17 8 4
  3.91  0.706  17 0 3 14 10 9
  1.99  0.732  10 8 12
  2.64   0.73  17 15 14 17 19
  1.31  0.774  7 5 9 17
  2.59  0.633  4 11
  2.05  0.747  4 17 18
  4.47  0.768  17 10 4 13 3
   2.9  0.795  8 19 9 17
  2.26   0.69  11 3 8 13
     2  0.655  8 8 4
  1.87  0.779  4 17 8 17
  2.29  0.801  4 8 15 8
  1.12  0.699  17 3 12
  1.37  0.763  12 8 14 19
  1.76  0.864  11 3 11
  1.61  0.613  13
  2.19  0.623  8
  1.04  0.671  14 9 8
  1.92  0.689  8 19
  1.07  0.651  11 8 6
  7.17  0.822  12 8 11 14 14 8
  1.23  0.824  8 9
  1.62  0.616  0 8 11 7
  1.35  0.707  14 10
  1.28  0.873  6 19 14
  1.54  0.659  11 3 16 0
  3.65  0.683  9 11 3 3 8
  2.08  0.555  3 8 6 10 10 11 8
  1.03   0.72  11 13
  2.49  0.728  5 3 1 17 17
  1.33  0.791  13 6 3 4
  1.58  0.835  6 11 17 8 11 3
  1.17  0.895  17 4 10 7
  2.93  0.835  4 0 3
   1.2  0.677  9 3 12 0 14 0
  1.19  0.851  9 14 3 9 15 14
  1.76  0.648  8 11 11 3
  4.38  0.761  19 9 14 14
  1.95  0.741  0 4 10 0
  2.12  0.795  0 11
  1.04  0.808  11 3
  2.24  0.727  18 4 13
  2.89  0.815  3 8
  1.03  0.762  0 11 0
  3.72  0.879  14 18 11 0 7
  2.54  0.638  9 8 9 11 5 17 3
   1.7  0.901  17 13 12 17 3
  2.71  0.794  13 12
  1.65  0.765  15 17 11 7 13
  3.29  0.766  14 10 12
   1.2  0.714  12 7 11 5
  1.25  0.637  5 17 9
  3.24  0.787  8 3 12
  1.37  0.704  10 8
   1.2  0.749  10 7 12 5 14 8
  2.91  0.716  14 11 9 12
  2.49   0.69  9 11 17 6 12
   1.1  0.724  6 12 18 17 0 16
  1.13  0.832  14 11 15 12 17
  1.65  0.847  14 19 7 11
  1.16  0.837  14 19 7 11 17
  1.96  0.702  19 7 11 17 3
  1.16  0.948  8 15 3
  1.05  0.792  8 19
  3.01  0.702  19 0
  3.17  0.932  13 10 17 3 6
  2.68  0.656  17 9 8 5 18
  1.69  0.842  11 8 10 11
  4.38  0.786  18 8 11 0
   1.1  0.755  14 5
  3.48  0.596  14 17 11 17 3
  1.81  0.876  7 17 8
  1.55  0.856  7 7 8
  1.31   0.66  4 11 10 4 3
  3.39  0.819  8 5 8 7
  1.02  0.676  5 14 11 18 18 7 18
   1.2  0.769  11 3 11 11
  1.19  0.655  5 5 11 4 19
  1.31  0.663  7 18 9
  1.11  0.663  7 18 9 9 9 3
  2.67  0.617  3 8 11
  1.91  0.873  8 9 14 6 0
  1.17  0.779  8 11 6 11 3
  1.53  0.869  11 4 11 14
   1.6  0.717  9 11
   1.7  0.718  13
  1.22    0.8  3 8 17 13
  3.61  0.803  3 18 11 3 10 12 5 7 5
  1.45  0.686  17 11 11 9
  4.63   0.62  3 9 14 11 6
  1.72  0.783  9 14 7
  1.27  0.762  11 9 14 17 17 16 6
  1.56   0.74  3 7 3 8
  1.38  0.817  15 0 3
  1.88  0.572  17 14 17 8 14 10 17
  3.41  0.942  14
  3.82   0.66  5 8 8 15 13 8
  1.04   0.86  17 11 3 8 11 17
  1.68  0.542  11 18 3 17
  1.53  0.794  13 17
  1.77  0.607  14 12 0 3 11
  2.34  0.615  6 7 0
  1.84  0.759  6 7 0 8
  1.69  0.739  6 10 17
  2.58  0.808  7 14 12 8 8
  4.28  0.884  3
  3.06  0.741  3 3 12 17 10 17
  1.89  0.846  18 8 3 8 17
  2.18  0.709  3 3 8 14
  1.45  0.911  3 3 11 17
  1.39  0.824  3 3 11 17 17 6
  1.78  0.688  8 11 9 13
  1.16  0.708  9 11 4
  3.27  0.755  14 15 5 9 6 3 7 6 9
  1.37  0.694  3 10 11 8
  2.39  0.748  17 6 3 8 17
  2.18  0.704  6 3 8 17 5
  4.16   0.77  14 11 0
  1.33  0.824  0 14 3
  1.22  0.858  14 14 6 17 7
  1.11   0.58  7 3 3
  2.81  0.652  7 10 18 5 18 14
  2.29   0.65  5 11
  2.18  0.665  10 5
  1.26  0.769  5 10 8 9
  2.03  0.843  7 11 19
  2.52  0.738  19 11 8 8
  2.39  0.618  15 16 10 8
  2.16  0.587  17 3 6
  2.01   0.83  17 3 6 11 0 17
  1.39  0.583  17 6 17 8
  1.56  0.643  6 8 14 4
  2.05  0.782  11 17 14 3 11
  1.99  0.507  11 10 8
  2.36  0.803  8 5
  3.72  0.773  5 14 8
  1.44  0.814  7 14 3
  2.02  0.814  14 13 17 10 8
  1.45  0.726  14 10 4 4 6 11
  1.12  0.818  4 5 14
  1.33  0.695  8
  3.22  0.777  12 3 4 5 11 3
  3.57  0.713  5 11 3 13 15
  4.11  0.617  11 15 3 5
  1.47  0.701  9 3 7 19 8
  3.63  0.623  3 7 9 3
  1.52  0.642  9 3 3 17 15
  1.56   0.64  10
  5.08  0.864  17 3 3
  1.29  0.612  6 3
  3.56  0.631  14 14 9 6
  1.33  0.724  14 9 11 8
  2.34  0.721  14 9 11 17 8
  3.43  0.832  17 9
  2.88  0.813  18
  1.08  0.686  11 6 8 10 3 19
   1.4  0.757  8 8
  2.01  0.815  11 3 17 19
  3.35  0.717  11 3 19 18 14 15 13 8
  3.49  0.782  17 12
  3.52  0.752  12 11 7 17 11
  2.66  0.641  8 7 3 3 8
  2.53  0.705  8 17 8 17 9
   1.8  0.862  3 12 11 14 10
  2.07  0.604  11 12 14
  4.03   0.59  17 5 9 5 19
   1.4  0.746  3 11
  1.03  0.735  12 12 17 8 9 3
  1.14  0.853  9 3 6 9 3 7 6 15 14
  2.04  0.876  5 18 3 8 8 11 10
  2.73  0.791  14 3 5 6 10
  3.96  0.938  5 10
  1.09  0.812  11 8 4 9
  3.23  0.707  3 9 0 0 14
  2.19  0.921  9 12 7
  2.26  0.821  9 13 17 1
  2.04  0.719  11 3 8 14 8
  1.73  0.765  11 14 7 8 17
  1.86  0.783  4 17 9
  4.84  0.666  9 3 8 3 8 3 3
     1  0.742  4 9 17
  1.35  0.678  11 14 14
  1.01  0.808  19 17 3 9 4
   1.3  0.616  15 3 3
  1.51  0.891  13 14 0 3 7
  1.53  0.888  17 14
  1.84  0.695  17 0 8
  1.72  0.825  3 11 0 16 17 17
  1.02  0.508  0 8 11
   3.7  0.585  11 8 7
   2.3  0.748  11 8 7 13 15
  1.98  0.752  11 0 11
   1.9  0.911  13 14 9
  1.89  0.851  18 0
  3.07  0.492  9 9 14
   1.4  0.818  18 0 4
  1.48  0.817  0 14
  3.21  0.787  17 19
  1.35  0.839  6 9 11
  1.31  0.833  9 18 9 4
  1.21  0.699  8 3 18
  1.78  0.838  8 11 0
  1.22  0.774  5 10 3 18
  2.08  0.791  7 3 17 10
  1.95  0.748  11
  1.77  0.841  14 5 3
  1.61  0.746  14 5 3 14 0
  1.34   0.81  0 7 17 14 17 18 17
  1.31  0.579  17 9
  1.92  0.854  10 11 0
  1.38  0.942  17 14 8 4
  1.88  0.844  12 16 3 7 0 7 8
   2.2  0.913  0
  3.24  0.674  3 7 10
  2.73  0.742  11 17 8 8 17 3 10
  1.23  0.629  19 8 8 8
  1.16  0.895  11 17 3
  5.85  0.853  14 12
  1.75  0.956  14 9 4 4 5
  1.21  0.659  9 4 4
   1.4  0.627  4 11
  2.84  0.624  11 7 8 5
  1.22  0.861  9 6 11 8 6 16 8
  1.08   0.84  8 8 11 13 6 3 18
  5.64  0.785  13 7
  1.33  0.748  3 11 0
  2.02  0.601  11 14 12 11
  1.48  0.369  0 9 13
  1.75  0.636  18
   2.2  0.829  18 2 10 8 19 13 9
  2.49   0.52  14 6 9
  5.28  0.794  3 11
  3.49  0.732  14 8
  3.08  0.752  14 8 12
  2.86  0.822  9 12 14
  1.98  0.814  3 17 8
  4.45  0.612  8 13 4 0 8
  2.49  0.762  8 0 9 11 3 14
  3.49  0.717  9 9 17 3 10 0 14 8 19
  2.33  0.873  6 19 3 18
  1.13  0.906  12 5
  1.56  0.653  8 11 0 5 0 3
  1.41  0.799  11 11 9 7
  2.33  0.849  11 11 12 8 11
  1.45  0.993  11 17 0 14 10 7 10
  2.27  0.856  9 12 9 10 5 10 11
  3.01  0.773  3 12 12 15 9
  1.59  0.658  14 5 17
   2.4  0.817  10 11
   1.4  0.743  18 14 3
  1.17  0.604  14 3 8 10
  2.76  0.688  18 3 8 5 17
  1.41  0.936  18 5 17 11 18 17 14
  1.26  0.691  18 18 14 9
  1.04  0.743  12 14 14 4
  1.48  0.746  17 17
  1.79  0.974  8 6 7
  1.29   0.69  15 3 17
  1.76  0.698  14 9 7 3
  1.84  0.579  0 14 11 9
  1.48  0.774  9 11 8
  1.82   0.88  9 11 10 7 14
  3.22  0.712  17 0 8 11
  1.13  0.759  19 9 0 4
  1.39  0.832  8 4
  1.06   0.63  8 3
  1.64  0.632  3 2 7 19
  1.47  0.682  4 16 4 3 8 11 0 14
  1.05  0.683  16
  2.08  0.711  3 12 17 9 9
  1.29  0.756  5 8
  1.15  0.557  5 12 5 8 5
  2.74  0.781  5 14 14 8
  1.58  0.745  9 9 11
  2.21  0.759  6 14 9 17
  3.14  0.729  12 3 4
  2.24  0.662  6 11 3 11 8 17 19
  2.43  0.692  11 11 14 14 8
   1.5  0.679  9 4 7 14 17
  1.69  0.713  3 18 8 8 11 4
   1.3  0.669  14 0 8
  1.16  0.627  14
  1.45  0.938  14 14 6
  1.57  0.877  3 0 3 9 3
  1.01  0.852  17 10 13 9
  1.61  0.883  17 18 14 12 6
  1.08  0.638  17 10 4
  2.36  0.773  14
  2.72  0.713  3 4 17 17
  1.02  0.759  3 12 17
  1.87  0.676  12 3 7 17
  1.62  0.766  8 11 17 8 3
   1.5  0.675  11 17 3 12
  1.25  0.699  7 5
  2.05  0.689  14 14 14
  2.64  0.694  9 5
  1.91  0.805  7 9 0 3 17
  1.69  0.602  0 8 8 17 11
  1.82  0.748  13 8 17
  2.22  0.707  8 17 19 14 17 8
  1.28   1.11  8 14 8 5 14
  1.27  0.756  0 16
   3.1  0.787  4 3 5
  1.19  0.706  11 10 11
   1.5  0.785  10 11 3 8 6
  1.34  0.676  3 12 17 14
  3.27  0.691  14 13
  1.16   0.68  13 3 5 8 14
  1.29  0.903  9
  1.62  0.772  9 10 19 3 7 18
  2.44  0.901  9 7 8 3 15
  2.47  0.688  5 14 12 17 5
  2.83  0.878  14 8 14 3
  2.26  0.769  1 16 18 3
  2.26  0.797  11 3 5 3 15
  2.32  0.682  9 16 8 6 15 14 17 18 14
  1.08  0.817  18 8
  2.19  0.925  5
  1.07  0.812  5 17 7
  2.67  0.757  8 3 17 12 7
  4.08   0.76  11 7 0 15 1 17 12 3
  1.73   0.74  11 8
  1.07   0.76  11 13 10 0 13 11
  1.08  0.682  4 17 8 3 12 13
  1.53  0.812  9 11
   1.1   0.67  11 9
  1.17  0.802  10 18
  2.46  0.709  9 8
  2.79   0.92  9 8 11 8 14 14
  1.91  0.715  3
  1.55  0.663  7 12
  1.87  0.813  7 12 8
  1.43  0.651  8 3
  2.05  0.913  8 3 14 6 11 9 14
  1.19   0.85  6 17 11
  2.14  0.608  11 17 4 14
  1.32  0.877  4 9 0 4 12 10 9 11 9
  2.31  0.621  17 13 14 6
   1.3  0.643  11 14 3 3 6 12
  3.25  0.917  9 14 10 17
  1.11   0.64  8
  2.21  0.795  8 3 17
  2.21  0.713  8 17 8 5
  1.67  0.827  17 8 9 10 14 11
  3.28  0.725  10 11
  1.43  0.531  12 12 17 9
  1.03  0.677  7 9 17 14 19 8 12
   1.1  0.783  5 17 9 14 18 9 8
  1.27  0.453  14
  2.07  0.746  15 9 13 3 14
  1.35  0.818  19 5 12 17
  1.44  0.748  9 0 11
  1.19  0.834  11 4 18 9
   1.7  0.892  5 11 17 3 6
   1.8  0.785  14 14
  4.16  0.624  14 14 3 6 4
  1.22  0.853  16 8 3 8 8 17 4
  2.07  0.742  16 8 9
  4.08  0.855  19 7 14 13
  3.28  0.757  14 7 17 10 3 5
   3.5  0.853  14 13
  5.44  0.785  13 8 11 8
  3.39  0.799  9 9 16 18
  1.54  0.715  3 14 11 19
  3.06   0.67  8 11
  1.12  0.732  16 19 1 6 11 4 14
  1.96  0.644  3 8 9 7
  1.73  0.852  7 6
  2.99  0.708  7 4
  2.36  0.678  9 7 7
  1.65   0.67  17 5 14 8
  1.69  0.635  11 19 7 5
  1.76  0.817  5
  6.32  0.968  5 17 13 8 17
  1.45  0.736  11 9 9 0
  1.25  0.728  11 9 9 0 8
  1.42  0.754  11 0 6 9
  3.64  0.762  6 9 0 3 8 5 14 4 19
  5.03  0.703  14 14
  1.28  0.671  8 8 19 19
  1.43  0.859  0 18 0 0 11 3
  3.91  0.469  18 17 7
   1.2  0.768  17 9 18 3 14
   2.5  0.721  11 15 9 8 17 11
  1.37  0.771  17 11 3 9
  1.19  0.529  3 9 8 4 14 19 8 14
  1.17  0.701  13 3 15 5 11
  5.55  0.694  3 7 11
  2.19  0.673  5 17 10
  2.97  0.677  16 3 9 13 9
  1.33  0.837  17 6 0
  1.39  0.591  6 8
  1.03  0.676  1 8 14 19 17
  1.02  0.806  8 17 13
  1.32  0.875  1 11 17
  1.27  0.759  17 17 5
   1.3  0.609  17 14 3 19
  2.24  0.832  14 7 10
   1.2  0.647  11 3 8 11
  1.01   0.77  11 9 8
  2.21  0.557  9 9 18 14
  1.07  0.795  14 17 3 17
  3.11   0.61  11 1 4 19 17 14
  1.47  0.835  8 10 9 0 8 7 17
  1.74  0.754  3 11 8
  3.43  0.765  9 8 11 14 17
  1.24  0.826  9 9 14 18
  3.06  0.694  9 12 6
  3.77  0.965  15 12 11 9 3
  1.34  0.662  8 10 8 18
  1.45  0.819  8 4 9
  1.15  0.668  0 4 5 11 3
  1.95  0.666  18 18 9 17 10 3 0
   1.7   0.68  10 19 0 9 13
  1.84  0.662  11 11 3 17
  1.24  0.702  11 5 8 9 11 9
  2.29   0.72  11 11 16
  2.17   1.01  0 16 19 17 12 8
  1.23  0.866  6 18 3 3 9 11
  1.62   1.04  3 11 19 11
  4.01  0.767  4 7
  1.46   0.83  8 0 0 17
  1.91  0.766  17 8 3
  1.21   0.77  14 16 13
  1.18   0.55  8 17 11 17
  1.21  0.655  10 17 13 8
  1.03  0.708  4 13 8
  1.02  0.944  7 11 1
  1.17  0.723  9 13 17 17
   5.8  0.581  17 9 12
  2.16  0.636  11 5 9
  1.23   0.95  18
  1.26  0.671  11 17 17
  2.28  0.693  12 8
  1.74  0.881  14 8 8
  2.29   0.89  8 12 5 17 14
  1.09  0.922  17 17
  2.42  0.728  15 17 17 11
  1.38  0.657  15 3 3 14 9 8
   2.2  0.689  14 10 3 14
  1.25  0.585  0 0 18 10 6
  2.87    0.9  8 9 16 19 11 12
  1.34  0.651  3 17 7
  1.37  0.639  7 4 14
  1.12  0.714  17 18 17
  3.18  0.718  17 9 7 11 8 11 14
  1.49  0.685  9 15 7 11
  2.51  0.664  14 3 11 3 9
  1.37  0.607  8 6 9 12 5
   1.1  0.713  6 9 5 17
  3.49  0.809  11 17 14
  1.54  0.685  0 3 3
  1.94  0.611  16 15 9 9 7 17 9
  2.04   0.78  16 8 17 11 8
  1.73  0.855  8 17 8
   1.4   0.85  8 14 3 13 3 11 9 8 15
  3.47  0.734  3 11 12 18 17 11 17 8
   1.5   0.72  10 17
  3.74   0.84  9 3 3 3
  1.43  0.844  9 3 3 3 14
  1.25  0.699  19 19
  4.33  0.663  15 5 17
   1.3  0.778  19 11 8
  2.28   0.63  11 8 6 13
  5.13  0.638  11 14
  2.23   0.87  14 19 3 18 17
  1.63  0.677  19 11 17 7
  5.38  0.854  14 3 19 11 5
  3.34  0.672  3 9
  2.01  0.648  11 17 17 5
  1.04  0.851  11 17 17 5 3 9
  1.61  0.962  11
  1.14  0.729  11 3 5 19 5 19 11
  1.29  0.847  0 5 8 9
  1.12  0.602  0 5 9 18 14 9 17
  1.17  0.705  18 11 4
  3.13  0.554  18 11 4
   1.1   1.02  15 3 7
  1.64  0.752  5 17
  1.06  0.841  7 10 0 11 11
  1.45  0.681  3
  1.07   0.74  7 7 13 3 10 7 12
  1.59  0.657  7 1 10 3
  1.26  0.802  8 3 3 3 9
  1.21  0.642  9 14 11
  1.47  0.663  3 3 7 14 8
  1.34  0.638  19 7
  1.22  0.831  19 7 8 8 17 11
  1.26  0.697  14 11
   3.6  0.783  19 2
  1.92  0.744  8 14 8 9 0 17 11
  2.03  0.665  8 8 9 4 10
  1.04  0.818  7 3 11 3 3
  1.31  0.829  7 12 5
  2.09  0.785  10 17 17 8 14 12
   5.4  0.711  14 8 8 9 17
  2.68  0.623  0 3 7 18 11 4
  1.58   0.62  11 4 14 9 3 0
  1.98  0.849  14 14 9 8
  4.96  0.871  9 17
  2.28  0.652  6 17 12 3
  2.47  0.654  8 6
  1.41  0.778  9 8
  1.36  0.648  14 5 9
  1.06  0.725  14 9 3
  2.34  0.885  8 17 5 6 19 6 11 14 18
  1.21  0.721  5 9 9 6
  2.34  0.749  8 11 9 6 3
  1.44  0.501  19 3
  3.46  0.838  8 8 8 5 17 14 12
  1.22  0.893  8 14 10 11
  1.96  0.689  11 19 0 10
  2.25   0.61  8 19
  1.62  0.624  9 17
  4.79  0.793  15 11 17 15 4 3 3 14 4
   1.3  0.779  17 3 9 17
  4.79  0.776  11 19 17 17 9
  1.62  0.716  11 17 5 9 17
  3.06  0.753  11 5 7
  4.32  0.767  5 5 3 19 3 3 1 9
  1.16  0.762  5 3 4 3 3 10 14
  1.81  0.723  4 19 19 18 8
  3.63  0.752  15 7 9 1
  3.83  0.722  9 7 5 8 4
  1.48  0.795  4 7 13 11
  2.18  0.735  11 4 8 10
  1.39   0.77  7 9
  1.74  0.652  15 18 11 8 14 18
  1.65  0.801  17 9 11
  2.53  0.912  9 17 7
  1.33  0.868  7 13 17 9 7 17 9
  3.86  0.736  17 8 11
  1.35  0.717  17 3 9 6 9 18 10 11
  3.01  0.554  9 11 8 17 9 11
  1.52  0.787  3 13
  1.38  0.727  7 5 5 8
   2.5  0.833  5 13 17 11 9
  1.43  0.682  7 19 9 15
  2.13  0.689  10 19 19
  1.69   0.89  4 16 7
  1.39  0.621  17 7
  1.23  0.648  12 12 4
  1.29  0.769  18 11 9 8
  2.05   0.86  17 17 18 11 4 19 0
  1.21  0.737  11 14 9 17
  1.59  0.924  9 14 13 11
   2.1  0.812  13 11 9 7 8 18
  1.56  0.827  9 10 10 12 3
  1.17  0.673  13 8
  1.91  0.854  12 11 9 11 11
  1.78  0.883  3 8
  2.39  0.604  14 0 11
  1.38  0.649  14 0
  1.05  0.635  14 9 18 3
  1.21  0.771  5 5 6
  2.51  0.881  18 14
  1.07  0.649  7 17 15 3
  1.24  0.705  14 11 17 3 13
  2.19  0.901  9 9 8
  1.11   0.67  9 18 12 3 11 7
   1.1  0.608  10
  2.18  0.645  11 12 0 14
  1.85  0.624  9 9
  1.55  0.647  4 9 13 8 8
  1.07  0.687  17 0
  2.14  0.671  17 0 11 5 11
  3.31   0.83  17 3 10 13
  1.33  0.888  17 3 10 13 6 17 14 4 8 3
  1.16  0.604  15 8 8
  2.21  0.749  11 3 17
  1.51   0.77  14 9 14 3
  7.43  0.649  14 0
   1.9  0.846  9 3 5 11 11
  2.73  0.854  6 4 11 16
  1.87  0.846  14 9
  1.76   0.52  14 14 17
  1.26  0.807  9 14
  1.25  0.573  8 9
  1.19  0.546  8 9 8 8 17 19
  1.76  0.703  7 10 11 16 9 3
  1.24  0.838  11 14
  2.17  0.698  9 12 9 3 8 19
  2.61      1  15 11
  2.18  0.636  9 17
  2.09  0.618  9 17 11 8 10 8
  1.63  0.733  11 18
  1.33  0.762  11 18 8 14 3 6
  1.18  0.771  3 17 8 14 3
  1.35  0.806  0 6 6 8 17
  1.36  0.701  10 8 3 4 8
  1.21  0.766  10 8 12
  2.75  0.706  13 3
  2.12  0.759  13 11 0 8 0 11 6 10 13 8 8
  1.49  0.605  10 6 17
  2.38  0.674  17 6
  1.67  0.722  8 3
  4.59  0.757  3 11 10
  1.16  0.674  12 19 11
  1.36  0.737  8
  1.78  0.673  3 4 14 15 3 17
  1.35    0.8  9 3 17
  1.52  0.811  17 6 11 11
  1.01  0.705  16 11 4
     3  0.706  16 17 17
  2.12  0.817  9 18 9 13 19
  1.16  0.664  9 18 9 13 19 14 5
  1.85  0.636  13 17
  1.17  0.737  5 3 9 17
  1.39  0.655  3 4 11 3
  1.35  0.629  12 11 12 9 11
  2.21  0.832  17 9 11 5
  1.72  0.629  3 18 3 8
   1.1  0.771  3 3 14
  2.31  0.776  8 11 18 0 7 11 12
  1.17  0.652  11 11 17 11
  3.23  0.678  17 8 8 18
   1.2  0.693  18 4 11 17 5 6 9
  1.67  0.703  17 17 8 17 11 11
  2.68  0.689  13 17 10
  1.57  0.594  5 3 17
  1.55  0.833  14 13 4 3
     2  0.781  14 11 18 9
   2.1  0.813  12 17 9
     2  0.599  6 8 14
  2.52    0.9  10 0 11 10
  1.07  0.718  10 0 3 9
  1.36  0.533  0 9 18
  1.38   0.77  9 8 11
     2  0.506  8 9 14
  1.66   0.79  13 18 4 12 6
  2.67  0.549  14 7
  2.05  0.677  4 18 13 0 8 17
  2.04  0.627  18 9 3
  1.09  0.733  6 16 17 8 13
  1.05   0.83  18 10 3
  1.09  0.801  11 8 17
  1.61  0.728  8
  1.27  0.553  8 8 0 17
  2.82  0.755  4 14 8 11 11 9 10
  1.15  0.581  7 0 5 14
   1.5  0.727  17 11 19
  1.69  0.681  9 17 8
  1.02  0.613  3 10 11 8 14 17
  1.66  0.802  14 9
  1.26  0.783  12 14
  1.86  0.748  0 14 12
  1.09  0.665  3 7
  1.69  0.783  14 14 11 14 11 8
  4.87  0.815  7
  1.66  0.643  7 17
  1.89  0.744  11 5
  2.88   0.73  3 12 14 4
  1.57  0.763  3 12 4 5 7
  1.13   0.64  5 10 11 11
  1.49  0.733  9
  1.57  0.718  7 3 11 14 6
  1.18  0.788  3 8 11 12 17 14
  1.35  0.787  17 9 7
  1.51  0.719  11 7 7
  2.73  0.726  10 17 17 9
  2.84  0.657  17 17 19 8 17 17
  3.61  0.752  17 15 8
  2.98  0.679  15 8 14 7 16
  4.79  0.796  7 8 5 8
   4.6  0.725  12 19 3 9 3
  1.62  0.725  11 5 13 12 3 17
  3.55  0.787  18 18
  1.23  0.836  14 15 7 9
  1.18  0.787  14 15 9 8 11
  2.06  0.689  9 5 17 18 18 8
  1.28  0.716  14 17 9
  1.85  0.886  3 8 4 17
  3.08  0.722  4 11 8 17 5
  3.64  0.691  8 8 14 5
  3.09    0.8  18 17
  1.18  0.914  13
   3.7  0.745  13 14 14 8 18 17 4 10
  1.63  0.871  14 14 8 18 17 4 10
  1.95  0.777  7 3 4 4 18 8 9
  1.67  0.747  9 0 8 0 3
  2.27  0.692  14 10 17 0
  1.31  0.685  13 12 18
   1.2  0.861  12 3 8 9
  3.36  0.776  12 8 8 3
  1.57  0.715  4 14 14 8 8
  1.36  0.741  6 6 11
  2.02  0.911  6 6 11 15 4 11 5
  1.62  0.719  16 5 13 11 9 15
  1.95  0.786  13 3 18 14 11 11 10 15 9
  2.23  0.791  7
  1.66  0.756  7 15 16
  1.54  0.817  9 9 0
  1.56  0.852  18 19
  1.92  0.667  17 16 9 17 11
   1.6  0.883  11 17 19 11
  1.31  0.679  11 14 11
  1.06   0.66  4 17 3
  1.01  0.757  4 3 10 6 19 18 17 8
  2.14   0.85  19 0 17 8
  2.78  0.662  10 8 4 5 3
  2.34  0.671  9 9 0 5 0 17 14 17 13 18 17
  2.62  0.728  19
   1.1  0.705  11 3 14 19 12
  1.58  0.819  1 11 9
  1.03  0.634  5 13 5 8 11 8
  1.31  0.771  11
  1.19  0.612  13 17 17 11 17 3
  1.24  0.851  17 7 14 7 11 3
  1.17  0.718  11 16 14 4 14 18 9 7
  2.82    0.8  7
   1.4  0.808  19 7 17
  1.58   0.78  10 6 11
  1.24  0.796  13 12 4 8 14
  2.23  0.858  14 9 18 17 4 10 6
  1.07  0.744  17 11 8 3
  4.14  0.709  8 14 3 13
  2.18  0.727  14 11 4 0
  1.68  0.712  14 11 4 4 19
  1.01  0.759  14 17
  2.96  0.557  0 17 11
  2.41  0.664  14 8 15 7 9
  1.63  0.712  15 3
  1.68  0.714  9 14 9 17
  4.65  0.574  17 12 18 6
  1.76  0.625  0 8 0 17
  2.77  0.879  3
  1.36   0.84  8 7 5
  1.43  0.726  14 11 11 11
  1.48  0.749  0 6 17
  2.97  0.717  0 14 6 13 0 11
  2.25  0.504  0 8 17 9 8
  2.04  0.789  1 8 17 9
  1.59  0.797  1 9 16 16
  1.26  0.917  11 13 14
   1.8  0.687  3 11 7 14 17
  1.77  0.666  17 19 7
  2.69   0.59  5 7 3 11 18
  1.22   0.77  6 5 14
  3.27  0.826  13 0 17 14 0 5
  1.53   0.59  14 14 3 14 11
  4.19  0.655  14 11 3 11 14
  1.82  0.571  7 0 11 11
  1.05  0.611  11 8 6 0
  5.72  0.742  3 17 0 10
  2.21  0.655  11
  2.24  0.683  6 11 17 17 7 17
  1.97  0.751  6 17 8 6
  3.19  0.895  4 17
  1.78  0.725  11 3 9 10 4 3 5 10
  2.57  0.811  14 6
  1.63  0.839  11 6 8 3
  1.85  0.792  3 12 17 7 13
   1.6  0.668  13
   1.5  0.739  13 14 11 8 3
  2.16  0.819  13 14 11 8 14
  2.22  0.675  13 11
  5.32  0.742  19 13 14 3
  4.01  0.663  14 14 10 7
   1.1  0.597  9 14 11 3 8 7
  1.48  0.699  11 17
   1.8   0.72  17 4 14 16
  2.59  0.768  3 14 5 6 3 9 9
  1.72  0.652  17 6
  1.04  0.773  17 6 8 12 17
  1.42  0.818  9 17 4 14
  1.84  0.653  7 17 6 3 3
  2.71  0.908  3 5 3
  1.63  0.704  0 7
  1.31  0.714  9 19 3 18 11
  1.21  0.627  0 9 3 9 0 11
  2.03  0.733  0 3 14 9
  3.68  0.553  0 3 14 9 1 3
  1.14  0.651  17 12
  3.34  0.826  18 7 9
  3.04  0.773  18 9 9 3 9 7
  2.42  0.825  18 7 3 7
  1.15  0.719  3 18 5
   1.2   0.95  4 8 14 7
  1.72  0.654  18 18 11
  1.15   0.76  18 17 11 8 9
  1.74  0.931  11 4
  2.84  0.903  8 14 6 8
  1.25  0.715  9 7 5 0 15 17
  5.74  0.788  9 11 16 14
  2.32  0.931  17 4 11 19 3 18 14
   1.6  0.917  9 11 5
  1.69  0.752  3 3 11 13 12
  2.18  0.799  9 6 3
  1.86  0.688  8 11
  2.51   0.71  8 11 17
  1.12  0.797  11 17 19 8
   3.7  0.891  11 17 19 8 17 12 16
  1.09  0.813  13 11 8 17
  1.92  0.738  9
  1.14  0.763  11 11 18 11 8 3
  3.16  0.668  11 13 19 11
  1.85  0.828  19 7 7
  1.78  0.882  19 6 12 15 12
  1.74  0.893  19 15 15 7 4
  1.73  0.858  14 14 9 10 3
  4.39   0.77  6 13 9 3
  3.96  0.808  7 11 3 3
   1.8  0.743  4 1 14
  1.05  0.807  4 14 18 12 19 9
  1.23  0.884  8 5 9 4 9 4
  1.11  0.728  5 4 4 8 17 5
  1.57  0.902  13 17 9
  1.18  0.632  12 8
  1.08  0.737  9 17 6 14 3 8
  5.76  0.846  18 6 14 3 18
  4.74  0.804  6 14 8 6
  2.58  0.759  9 7 9 10 16 8
  1.38  0.722  9 14 3 11 17
  1.15  0.804  7 15 8
  1.04  0.742  16 14 10 13 11 11
  1.12  0.698  3 8 8 11 4 11 11 11 6
  1.18   0.72  0 5 0 11
  1.42  0.724  8 5 11 17 19 18
  1.16  0.842  11 10 17 7
  4.06  0.579  17 7 8 9 11 15
  5.31  0.829  8 8 9 9
  3.23  0.748  0 5
  1.54  0.765  19 11 6 17 10
  1.07  0.681  17 9 12 5 0
  3.57  0.734  11 11 15
  1.28    0.8  7 7 12 11 4 5 5 10 5
  1.33   0.83  5 12 17
  1.29  0.816  5 12 17 2 8 11 11
  1.12  0.897  12 2 17 8
  2.89  0.604  14 11 14 9 9
  1.08  0.847  15 8 10
  1.74  0.805  10 18 0 14
  1.82  0.794  3 8 17 11
  1.63  0.717  14 7 0 3
  1.76   0.61  4 8 13 0 17 17 14 0
  1.25  0.618  9 11 16 6 19
  3.22  0.848  6 17 19
  1.11  0.783  11 4 9 14
   1.2  0.752  13 14
  1.06  0.736  18 17 8 7
  1.42  0.794  17
  4.58  0.625  5 12 7 17 9
  1.78  0.752  5
  1.58  0.916  19 15 17 13
  1.73  0.761  14 6 7
  1.73  0.759  14 5
   1.3  0.697  9 14 10 5
  1.16  0.763  17 17 3 6 3 17 9 13 19
  3.71  0.733  17 17 8 17 3 3 17
  1.05  0.664  12 11 8
  2.89  0.798  3 8 8
  2.05  0.694  19 14 18
  1.19  0.899  14 8 17 8
  1.07  0.914  11 14 9 14
  3.79  0.769  18 13 5 11 18 3
  4.17   0.44  11 19 0
  2.63  0.676  9
   1.2  0.535  2 13 11 11 5 3
  7.32  0.723  11 18 3 7
  1.39  0.772  12 17 8
  4.38  0.759  11 11 3 19 6 14 17
  3.55  0.805  6 6 12 13 14 8 11 3
  1.76  0.789  14 5 3 19
  3.24  0.688  5 4 10 19 9
  1.94  0.629  19 0 15 10 5
  1.42  0.911  16 17 11 15
  1.24  0.736  9 11 19 3
  2.19  0.806  17
  1.17  0.775  17 8 8 3 5
  1.75  0.732  9 17 17 17
  1.06  0.505  6 13 7 9 8 10
  1.49  0.846  8 8
  1.77  0.605  13 14
  1.12  0.726  19 4
   1.9  0.809  11 8 13 9 3 11
  1.55  0.576  17 7 18 15 3 10 10 13
   3.2  0.677  11 9 11
  1.37  0.763  6 8 18 9 8
   3.6  0.726  9 2 11 11
  2.07  0.917  2 11 3
  2.72  0.907  14
  3.35  0.847  8 7 6 5 14
  1.39  0.695  11 5 11
  2.88  0.844  7 8 17 17 3 8
  1.61    0.6  8 10
  2.18  0.814  14 7
  1.73  0.712  5 0 10 14 5 8
  3.42  0.734  5 0 8 3 0
   1.2  0.853  5 8 3
  2.42  0.738  3 11 5 17 11
  1.26  0.727  17 10 8 14 8
  1.55  0.682  8 8 11 9 4 3 14 18 6
  1.02  0.678  14 14 11 3
  3.54  0.632  11 12 9 10 11
  1.76  0.907  11 17 14 8 4 11 17 6
  1.57  0.741  8 11 9 17 0
   1.2  0.674  17 17 3 17
  3.61  0.748  3 14 14 11
     7  0.813  0 19 15 17 0 17
  1.62  0.635  17 13 14
   2.2  0.759  14 10 8
  2.27   0.86  8 14 3 18
   1.7  0.729  8 0 5 10 10 11 19
  1.17  0.809  19 17 8 11 14 5 11
  6.52  0.716  5 3 5 11
  1.06  0.773  10 7 11
   3.2  0.784  11 13
  4.45  0.784  7 11 11
  2.83  0.903  9 6 11 9 18
  2.57  0.768  9 17 17 10 11
  2.05  0.878  19 3 8 3 8
  2.61   0.68  11 17 17 7 17 10 14 3 19
  1.25  0.652  18 6
  6.49  0.792  8 3 13
  1.64  0.653  8 3 13 17 8 16
  1.18  0.636  11 11 0
  1.85  0.686  13 7 17 0
   1.6  0.926  13 17 0 15 8 14
  2.12  0.718  13 9 0 17
  1.41  0.738  14 7 9 0 7 11 7 6
  2.86  0.794  3 13 5 8
  1.09  0.745  11 19
  1.12  0.795  17 7
  3.11  0.713  13 9 10 8
  1.64  0.794  4 5
  1.09  0.815  11 12 9
  1.11  0.571  12 9 17 9
  2.51  0.883  11 18 16 17 5
  2.26  0.723  11 3
  7.21  0.627  17 11 10
  2.96  0.549  14 11 11 9
  2.43  0.833  8 14
  1.71    0.7  14 7 8 13 16
  1.82  0.777  14 4 12 13 13 11 8 6
  1.71  0.757  3 14 14 17 7
  2.16  0.885  3 5 8
  1.33  0.738  5 15 17
  1.64  0.766  1 3 9 13 8 13
  3.15  0.833  13 0 10 11 14
  1.95  0.837  12 14 4 3 0 8 19
     1  0.668  5 0 12 11
  1.45  0.687  11 10 14 3 3 0
  1.35  0.858  19 9 19 11 17 10
  1.97  0.724  17 3 0 7 19 17
  1.04  0.713  9 11 13 8 4 9
  4.51  0.702  3 0
  1.83  0.803  0 9 17
  1.86  0.896  0 8 11
  1.63  0.641  0 8 11 7 11 14
  4.43  0.673  9 0 11 8 8 12 8 17 11
  1.42  0.898  3 9 7 10
  1.27  0.726  17 7
  3.16  0.539  12 3 3 1 9 11 7
   2.5   0.71  9 14
  1.38  0.685  17 6 14 11
   1.9  0.763  17 19
  1.27  0.737  9
  2.83  0.625  3 0 3 14
  1.81   0.71  14
  1.02  0.713  12 11
   2.3  0.956  12 11 11 9
   4.7  0.804  3 7
  2.45  0.574  7 10
  5.58   0.73  7 16 4 17 3
  1.78  0.733  4 5 3
  1.37  0.904  11 14 9
  1.64   0.65  8 19
  3.11  0.628  8 19 14 11 6
  1.14  0.791  9 10 9 10 7 13
  1.34   1.09  10 5 18
  1.57  0.805  14 9 4 0 17 14
  1.33  0.642  8
  1.35  0.739  8 14 19 11
  2.21  0.849  9 11
   1.4   0.73  8 3 11 13
  1.63  0.732  3 17 14 11
  2.06  0.806  3 17 3 7 7
  1.56  0.734  3 13 0 0
  1.33  0.671  5 11 9 3 12 3
  1.84  0.673  17 11 19 14 7 11 19 1
  1.35  0.848  18 9 8
  1.86  0.753  18 15
  2.62  0.855  0 7
  1.19  0.719  3 14 3 15
   1.2  0.907  14 3
  2.56  0.703  11 3
  1.47  0.699  3 3 17
  2.19   0.87  8 3
  1.54  0.675  9 0 6
   2.1  0.902  6 11 13
  1.08    0.6  13 19
  1.82  0.787  17 9 11 10
  2.83  0.816  11 12 11 11
  1.45  0.774  9
  4.47  0.791  17 10 3 14
  2.28  0.884  13 11 17
  1.36   0.82  3 7 13 11
  3.45  0.649  19 3
  1.97  0.563  0 6 9 19
  1.01  0.732  12 5 7 8 7
  1.11  0.718  7 8 9
  1.89  0.723  17
  1.58  0.621  0 9 4
  1.83  0.781  10 14 7 17
  1.61  0.541  17 0 7 9 9
  3.15  0.893  17 4
  1.48  0.897  4 8 17 11 17 3 12
  3.63  0.856  17 9 0 9 9
  2.04  0.887  17 0 11 8
  1.67  0.559  0 14 3 9
  1.22  0.852  3 8 13
  1.22  0.822  6 9 8 17 13 7
  3.24  0.711  6 9 8 13 7 17
  2.44  0.709  17 0 3
  1.48  0.654  13
  2.94  0.709  13 18 13 0
  4.14  0.786  3 9 9 11 0
  1.14  0.744  11 9 19 17
  1.59   0.76  17 10 11 17 15 11 3
  2.19  0.792  11 11 0 6
  2.11  0.859  9 8 14 0 19 12 0
  1.57  0.734  9 9 9 17
  1.51  0.728  14 0 17 11 18 8
  1.03  0.765  8 15 9 10 5 9
   1.4  0.758  3 17 5 4
  1.37  0.729  6 18 11 15
  1.99   0.65  3 11 11 8
  2.05  0.619  8 4 7 19 14
  1.43  0.591  0 11 9 0 8
  1.12  0.932  17 6 4 11 16
  2.66  0.734  3 18 11
  1.85  0.629  3 18 11
  1.48   0.56  18
  1.57  0.635  18 7 11 17 14 8
  1.18  0.796  13 3
  3.64  0.751  7 5
  1.05  0.711  9 16 14 16
  1.66  0.753  16 16 3
  1.18  0.771  19 0 11 0 8
  2.19  0.656  8 18 3
  1.81  0.624  14 17 9 8 17
  3.28   0.76  17 11 9
  1.13  0.713  9 14 17 14 9 19
  1.37  0.688  17 3 3
  4.06  0.661  17 8 11 11
  1.75  0.636  12 16 4 13 17 3
  5.45  0.784  13 6
  1.34  0.861  3 17 9 14 3
  1.72  0.852  12 7 11 9
  1.84  0.723  17 5 17 5
  1.14  0.823  12
  1.77  0.768  12 15 12 14 6 6 3
   1.3  0.748  14 11 15 9 3 15 4
  5.43  0.735  15 3
  2.28  0.764  13 5 9
  1.34  0.765  10 16 8 5
  1.19  0.738  3 9 9
  1.52  0.794  16 3 12 12 16
  1.46  0.802  12 3 3 17 14
  1.12  0.959  4 7 11
  1.08  0.793  4 7 3 14 14 14 3
  3.53  0.716  4 6 0 11
  1.17  0.666  4 11 9 9 11 9 19
   1.2  0.803  8 7 10
  2.25  0.793  3 8 16
  1.25  0.911  9 18 4 14
  1.95  0.669  9 9 8
  4.46  0.773  6 10 3 3
  2.49  0.759  4
  1.35  0.862  8 3 3 11
  2.26  0.724  3 9 6
  1.35  0.851  11 10 5 17
     2  0.687  11 8 8
  2.99  0.728  8 14 9 5
  1.48  0.859  9 15 17 10 11
  1.58  0.914  18 12
  2.15  0.802  12 11 9 17 14 0
  3.45  0.729  17 9 19 11
  4.14  0.643  8 17 17 6 8
  1.45  0.926  17 6 7 5 0 17 14
   2.4  0.619  8 9 0 16
  1.15  0.711  5 0 3
  1.44  0.787  4 16 5
  2.45  0.934  14
  1.77  0.669  11 9 7
  1.04  0.714  10 8 17 18 3
  3.07  0.629  18 3 0 3
  1.04  0.822  12 9 7 13 13
  1.55  0.754  18 17 17 11
  1.96  0.725  17 11 9
  2.69  0.766  8 14
  1.72  0.943  14 8 12 3
  1.51  0.732  18 3 13
  1.05  0.759  9
   2.1  0.693  11 10 11 17
  1.43   0.64  12 9 14
  1.13   0.71  11 9 17 11
  1.16   0.96  7 12 8
  1.19  0.649  10 3 19
  1.88  0.738  11 14 3 18 10
  3.11   0.68  3 14 5 8 7 9
  3.59  0.734  7
   1.4  0.836  14 5
  2.71  0.848  5 19 16 18
  1.92  0.817  19 18
  1.57   0.68  14 19 3 14
  4.66  0.858  17 4 3
  3.75   0.76  11 3 3 7
  1.99  0.692  7 17
  1.28  0.772  8 11 3
  4.59  0.733  11 11 3 0
  2.56  0.603  3 14
  2.04  0.543  13 5 3 9
  2.75  0.752  3 5 5 16
  1.53  0.802  18 8 11
  1.78   0.89  17 11 3 13
  1.36  0.923  3 18 17 13 17
  2.93  0.734  8 8
  1.31  0.743  8 8 14 7
  2.09  0.874  17 12 10
  1.15  0.681  3 18 10 19 8 14
  5.46  0.782  10 9 8
  1.81  0.681  14 18 3 14 14
  3.67  0.845  13 7 18 17 10
  1.21  0.747  13 4 9
  3.59  0.812  11 3
  1.72  0.946  11 12 19 17 19
  2.72  0.691  7
  1.09  0.724  8 13 0 17
  1.06  0.981  3 17 10
  1.59  0.617  17 17 11 8 8 0 7 17
   3.5  0.699  11 12
  1.28  0.557  12 8 5 13 3 8 8 10 8
  2.25  0.927  8 15 7 3 0
  3.02  0.667  3 2 11
  2.09  0.727  9 18
  1.37  0.656  3 7 11 15 12 11
  1.56  0.807  8 3 14
   3.5  0.691  9 9 15 12
  2.15  0.801  9 12 17
  3.45  0.698  11 14 14 10 17 5 5
  1.55  0.609  17 0 17
  2.01  0.555  14 0
  1.58  0.928  9 7 0
  1.56  0.719  18 13
  1.04  0.644  17 13 14 11 0
   1.3  0.738  9 9 3 14 17 4
  2.17  0.893  12 3 8
  1.48   0.85  12 10 15
  1.55  0.952  14 14
  2.83  0.748  14 8 0 3 0
   1.2  0.905  17 11
  1.47  0.755  11 13 19 8
  2.52  0.699  17 5 0
  2.51  0.561  8 19
  2.11  0.798  8 12 9 9 9
  1.75  0.768  11 3 14
  1.66  0.766  8 14 8
  2.12  0.876  8 14 8 17 13 0 14
  1.59  0.729  17 16 17 9 8
  1.74  0.856  13 9 0
  1.22  0.705  8 17
  1.45  0.728  8 17 3 19
  1.97  0.738  8 17 8 18 8 3
  2.66  0.757  3 16 8 11
  1.35  0.711  9 9
  1.02  0.642  8 4 3 18 7
  1.23  0.756  11 10 8
  1.31  0.734  4 7
  3.03   1.05  7 13 17 11 6
  1.89  0.835  3 6 9 10 0
  3.55   0.85  3 3 8 3 17
  1.07  0.787  3 8 13
  3.76  0.977  3 17 11 16 4
  1.65  0.947  3 9 17 17
  1.03  0.764  11 14 17 14 15 14 9 12
  1.83  0.861  11 15
  1.13  0.792  17
  1.08  0.578  8 10 5
  2.49  0.729  10 12 1 17 1 0 17 9 8
  2.76  0.794  17 12
  1.31  0.857  19
  2.37    0.7  8 8
  1.74  0.686  4 3 9 17 14 14
  4.18  0.754  17 11 17
  1.24  0.759  11 9
  1.29  0.717  14 17 8 17 3 14
  1.32  0.676  14 0 8 11
  1.03  0.851  14 9 9 9 18
   1.2  0.883  12 17 9
  1.39   0.69  0
  1.16  0.788  6
  2.14   0.79  6 8 11
  1.12  0.857  3 8 10 17 11 15
  1.16  0.714  12 10
   3.3   0.88  9 19
  4.55  0.707  18 14 6 15 3
  1.18  0.662  18 8 17 14
  2.02  0.781  17 8
  1.31  0.816  17 8 9 7 12 13
  2.31  0.656  12 11 5 9 7
  1.78  0.821  5 9 9 9 17
  3.19  0.825  9 14
  1.51  0.786  11
  2.54  0.673  14 1 17 8 14 19 3
  2.55  0.744  6 3 8 11 7
  1.89  0.866  18 4 3 7 4 14
  1.16  0.598  11
  3.46  0.906  8 8 15 3 8 19
  2.02  0.819  17 9 9
  3.25  0.755  10 3 8
  1.18  0.745  14 7 7 8 11 12
  1.49  0.727  7 8 17
  1.03  0.781  17 6 5
  3.63  0.819  3 13 14 11 6
  1.39   0.61  8 7 8 14
  1.03  0.894  11 8 17 0 18 3 7
  1.04  0.691  3 13 3 17 0 17
  1.22  0.698  8 0 7 3
  1.98  0.695  17 9 11 11
   2.6  0.838  5
  1.86  0.808  8 8 13 8 5
  1.73  0.613  9 18 17 18 11 9
  1.44   0.61  7 16
  3.97  0.819  16 15 13 14 3
  1.11  0.846  3 14 12 11
  2.03  0.678  6 7
   1.4  0.647  10 5 9 14 12 0
  1.93  0.837  3 10 14 5 11 13 3
  2.38  0.694  1 3
  1.72  0.674  3 7 3 8
  3.58  0.771  7 4 8 2 0
  2.19  0.655  17 18 11 5
  1.22  0.702  7 5 19 17
  3.43  0.905  7 5 19 17 17 17 6
  1.72  0.817  7 4 18 9
  1.17  0.771  3 6 5 9
  1.29  0.678  14 7 3 14
  2.84  0.834  10 12 11 8 8
  1.89  0.811  10 3 11
   1.6  0.737  10 11 10 12 14 6 14 5
   1.9  0.661  14 11 17 9 14
  1.43  0.893  14 9 11 12 3 7 19 11
  1.22  0.725  6 14
  1.39  0.646  6 14 17 9 11
  2.99  0.763  12 3 8 9
  2.52  0.725  4 0 6
  1.08  0.884  11 14 17
  1.38   0.69  11 14 17 14 8
  1.31  0.718  8 13 11 3 11
  1.22  0.845  0 14 9
  2.43  0.566  17 14 14 5 13 10 6
  3.43  0.635  14 5 10 11 11
  2.05  0.724  17 9 11 9 14 15 17 14
  2.29  0.655  8 6
  1.22  0.679  9 17 3 18 7 14 0
   2.8  0.611  8 8 17 7
  1.32  0.648  0 8 17
  1.16   0.64  11 17 8
  2.03  0.712  3 18 10 14 14
  1.73  0.668  3 18 14 14 17 3 17 17 11
   1.4  0.736  8 11 7
  4.65  0.591  11
  1.29  0.654  9 13 7 17 9
  1.11  0.735  5 6 11 10
  5.84  0.821  10 11 6 19
   1.5   0.75  12 10 19 9 4 5
  1.18  0.844  9 14 7 11 13
  5.03  0.753  17 6 11 10 9
  1.37    0.7  11 0 3 11 11
  1.21  0.808  11 19 6
  1.63   0.78  8
  2.86  0.954  7 3 15
  2.21  0.602  8 12 9 10
  3.49   0.55  18 18 9
  2.81  0.826  8 5 17 9 3
  1.85  0.812  3 13 3 11 17 7
  2.22  0.795  11 8 5 16
  1.07  0.834  3 11 14
  1.24  0.661  14 14 7
  4.43  0.786  14 7 3 14 7
  3.15  0.772  17 16 10 7 9 12 5
  1.52  0.991  11 15 14 19 3
  3.28  0.814  5 5 6 14 11 18 17 3
  2.83  0.609  4 8
  2.24  0.791  8 7 12 9 4 5
  1.31  0.639  5 7 17 8 15 17 7 17
  1.58  0.624  0 0 6 19
  1.36  0.812  3 10
  1.07  0.871  9 8
  2.29  0.884  11 3 0 3 11
  4.11  0.569  8 5 5 18 19 8 5 3
  3.86  0.818  13 17 12 13
  1.68  0.737  8 12
  2.64   0.66  11 11
  1.11   0.75  12 11 11 10 8 8
  1.93  0.866  9 0 0 14 14
  1.15  0.798  0 0 14 14 8 9
  1.39  0.669  0 8 11 5 6 17
  2.13  0.775  8 8 8
  1.83  0.712  10 14 0 8 13
  1.09  0.653  6 14
  2.11  0.575  12 0 6 10 17 17 15
  1.24  0.747  11 17 3 3
  2.14  0.662  11 3 9 7 4 19
  4.16  0.764  10 9 10
  2.21  0.825  10 9
  1.94  0.785  11 12 17 11 12 14 9 12 11 3
  2.57  0.744  0 8 3 8 17
  1.32  0.766  11 17 13
  1.46  0.939  9 17 17 14 13 17
  1.34  0.758  3 9 5
   2.2  0.684  11 17 17
  1.05  0.583  11 4 14
  1.05  0.726  7 17 14
  3.17    0.6  10 6 8
  1.64  0.876  8 18
  2.07  0.648  3 8
  1.44  0.646  0
  2.73  0.902  8 10 4 17
   1.1  0.692  17 7 3 3
  2.03  0.808  5 10
  1.97  0.699  10 12 8
  2.32  0.544  8 8 18
  3.99  0.827  3 3 10
  1.14  0.947  10 17 4
  1.98  0.823  5 15 11 9
  1.03  0.605  8 17 0
  1.75  0.652  8 19 17 11 14
  3.03  0.653  18 3 14 8
  1.13   0.78  14 3 9
  5.45  0.887  10 8
  1.08  0.736  3 9 4
   1.1  0.812  4 13 17
  1.96  0.826  15 18 14 12 10 5
  1.38  0.924  8 14 3 11
  2.91  0.664  8 9 18 5
  1.78  0.757  17 5
  1.77  0.845  5 8 17 19 14
  1.15  0.785  12 5 9 12 9 3 11
  1.02  0.965  18 11 16 17
  1.24  0.821  16 8 8 17 8
  1.43  0.694  17 8 14 11 12
  2.24  0.794  8 10 17 17 8
  1.01  0.747  18 18 11 10
  1.13  0.776  17 10 3
   1.6  0.671  17 10 3 17 10 3 9
  1.73   0.73  11 5 11 5 0
  2.27  0.662  8 18 8 16 7 0 17
  1.32  0.802  17 8 9 0
  2.43  0.883  4 15 14 10
  2.11  0.718  14 9 3 4
   2.7  0.558  14
  2.85  0.692  3 8 17
  1.19  0.692  3 8 14 5 10
  1.52  0.622  5 3
  1.29  0.659  8 10 11
  1.19  0.615  14 8 17 0 17 0 12
   3.1  0.866  3 15
  2.69   0.85  3 17 16 15
  4.66  0.742  8 9 9 4
  1.43  0.797  13 13 6
  1.49  0.898  11
   2.2  0.887  8 11 11 3
  3.13   0.83  10 11
  1.12  0.681  10 11 17
  2.05    0.9  11 11
  2.16  0.908  16 8 12 11
  1.02  0.797  10 9 5
  2.81  0.646  5 3 14
  2.42  0.683  4 8
  1.75  0.696  11 7 8
  1.22  0.712  9 11 9 0
  2.17  0.729  4 8 0
  1.72  0.712  4 8 0 16 9 18 11
  1.62  0.806  8 14 3 19 17
  1.33  0.745  11 9
  1.38  0.836  3 8
  1.26  0.684  3 18 17
   1.5   0.96  6 8 11 9
  1.23  0.739  16
  3.16  0.807  10 4 6 17 11
  1.03  0.478  11 4 11 17 5 1
  2.84  0.735  11 15 10 5 11 3 0
   1.5  0.671  11 17 14
  1.58  0.808  9 15 9
  1.34  0.574  11 8
  1.21   0.76  8 7 0 8 8 11
  1.47  0.656  8 8 17
  1.22  0.902  11 8
  1.85  0.883  11 14 14 3 18 8
  1.44  0.707  11 11 11 3 11 11
  1.58  0.665  17 8 9
  2.15  0.604  17 18 19 19
  3.21  0.649  17 5 8 3 9
  2.71  0.898  5 3 8 6 11
  2.27  0.691  7 8
  1.76  0.706  8 8
  3.09  0.697  11 5 9 5 17
  1.15  0.804  9 12 13 14
   1.3  0.699  9 12 13 14
  1.38  0.821  14 9 17 9 5
  1.71  0.732  16 1 17 6 11
  1.35  0.838  12 11 9 3
  2.39  0.829  11 17 9 4 17 11 3
  3.84  0.722  10 10 9
  1.53  0.766  10
  1.19  0.707  19 13
  2.45  0.594  1 17 19 19
  5.09  0.792  19 9
   2.9   0.81  14 17
   1.6  0.614  5 7
  2.39  0.703  5 14
  1.85  0.878  8 7 6
  2.52  0.758  11 8 17
   1.2  0.783  6 5
  2.47  0.667  19 8 10 18 14
  1.46  0.833  18 11 13
  2.11  0.811  3 6 18 17 15
   2.8  0.697  0
  4.42  0.764  0 5 3 4
  1.07  0.683  16 17 17 19
  2.39  0.527  19 13 8 14 3 17 3 17 11 14
  2.42   0.92  3 4 6
  1.57  0.744  14 8 11 8 8 19 18
  1.28  0.804  17 12 11 3 0
  1.71  0.726  12 9 7 7 8 0
  1.41  0.716  17 3 9 3 7 9 14
  1.23  0.856  9 17 12 11
  3.08  0.609  11
  1.46  0.842  9 17
   4.1  0.824  0 19 9 6 17 19
  1.14   0.65  8 10 8 4
  1.71   0.81  4 4 17 8 9
  1.26  0.612  17 5 14 3 18 8
  1.57  0.936  4 12 17
  1.94  0.828  14 7 8 8 8
  1.21  0.753  7 10 17
  3.77  0.594  7 10 17 7 5 13
  1.78  0.944  11 14 14 11 14 7
  1.11  0.931  7
  1.37  0.657  7 5 4 6 9
  2.78  0.683  14 11 0 11 5 19 3
  2.41  0.793  19 9 9
  1.35  0.777  9 9 9
  4.06  0.779  17 3
   1.4  0.706  17 4 8
  2.61  0.664  4 3 3
  2.31  0.934  5 17 0 3 0 14 9 7 9
  1.02  0.534  8 8
  1.67  0.594  3 3 18 10
  3.17  0.797  12
  2.79  0.758  13 17 0 17
  1.52  0.613  17 6 13 3 11
  2.41  0.875  10 3
  2.42  0.713  10 3 19 19 8
  1.02  0.686  11 14 5 7 8 8
  3.07  0.763  4 10 7 10 5 8
  1.14  0.731  5 9 0
  2.12  0.881  14 9 10 18 6 8 18 6
  3.31  0.626  6 14
  1.15  0.816  7
  1.06  0.794  5 3 3 8 14 4 5 14 5 3 19
  1.72  0.664  9 1 9 8 12 6
  1.65  0.709  8 8 12
  1.24  0.755  8 3 19
  1.96  0.708  5 4 19 12
  1.52  0.835  8 9 12 18 11 3
  1.15  0.766  8 11 11 9 8
  3.15  0.608  19 8 17 17 14
  3.17  0.791  11
  1.41  0.843  11 16 17
  2.44  0.709  3 3 7
  1.96  0.838  3 11 18 9
  1.23  0.717  0 14 17 10
  1.09  0.805  8 12
  4.31  0.764  9 5 17
  1.29  0.557  14
  3.13  0.611  14 5 3 0
  1.38  0.761  0 4
  2.99  0.637  9 7
  1.24  0.725  15
  1.63  0.804  15 17 12 17
  1.09  0.634  3 17
  1.85  0.709  18 6 3 9 14 0
  3.65  0.801  6 14 0 18 13 0
  3.11  0.681  9 7 10 14 17 9
  1.18  0.719  8
  1.11  0.761  9 9 4 18 6 11
  1.55  0.894  5 0 12
  1.38  0.721  3 6 14 12 8 17
  1.11  0.919  11 18
   4.2  0.742  9 6 3
  1.02   0.68  11 11 8
  2.02  0.514  8 6 4 5 11 9 8 15
  2.18  0.726  14 9 8 0 4 0 8
  1.33  0.703  14 17
  2.49  0.889  3 17 9 17 9 12
  1.32  0.708  17 19
  2.58  0.751  19 3 11 15 7 14 14 12 9 8
  1.38  0.917  13
  1.02  0.723  18 8 19 9
  1.26  0.688  0 3 17 11 11 9
   2.8  0.661  9 14 11
  1.63  0.953  9 19 3 18 0 9 14
  1.45  0.879  8
  1.71  0.787  8 3 4
  2.01  0.703  13 9
  1.44  0.654  13 3 9
  1.05  0.657  13 3 11 8
  1.24  0.718  13 9 9 14 8
  1.57  0.846  10 0 3 3 17
  3.23  0.757  18 0 9 9
  1.08  0.817  3 8 3 14 8 8
  1.07  0.696  8 3
  1.47  0.865  19 8
  3.68   0.66  16 8 14 3
  1.44  0.655  8 14 13 14
  1.03  0.741  6 17 11 3 13 10
  2.29  0.744  6 13 8 10 3 5 17
   1.5  0.519  17 11 0 14
  1.16  0.623  3 5
  1.51  0.971  3 9 12 12
  2.07  0.886  12 5
  2.39  0.838  12 14 8 11
  1.87  0.768  11 18 10 0
  2.08  0.644  9 14
   2.1  0.824  10 3 13 8
  1.38  0.712  11 17 4
  1.45  0.849  13 8 11 5
  1.37   0.63  5 17 14
  1.42  0.621  10 11 7 3
  1.28   0.89  6 17
  2.34  0.768  9 3 8
  2.46  0.792  9 3 8 3 8
  2.87  0.919  10 17 7
  2.53  0.896  7 17 15 12 14
  1.25  0.711  0 6 4
  1.44  0.651  14 15 3 11
  1.31  0.762  11 19 8
  1.12  0.846  0 19 3 14
  1.92  0.825  0 19 3 14 7
  1.42  0.672  17 8 5
  1.48  0.661  19 6 11 9
  1.41  0.928  14 18 17 11 3
  1.19  0.898  16 14 0
  1.61  0.672  3 8 9 17 7
  2.42  0.615  9 13 11 0 12
  1.82  0.656  9 6
   2.3  0.927  9 6 17 6 7 11 9
  1.73  0.513  9 8
  1.12  0.703  14 4 6 17
  2.11  0.769  18 8 7
   1.1  0.934  17 5
  1.43  0.818  8 5 8
   1.2  0.645  8 9 5 3 17 4 12 5 10
  1.29  0.634  13 8 9 14
  1.07  0.828  9 4 0
  1.32   0.75  9 4 0 17
  2.78  0.705  9 9 7 6
  3.24  0.908  19 17 17 16 11 0 0 9
  1.76  0.785  18
  2.05  0.774  18 17
  4.02  0.628  18 15 9 8 5 13
  1.99   0.83  8 13 9 14 3 4
  1.82  0.618  5 13 9
  1.61  0.698  12 0 8 17 8 19 16 8
  1.87  0.745  19
  1.52  0.571  11 11 11
  1.58  0.733  0
  1.54  0.794  0 3 14 3
  3.16  0.843  3 17 14 10
  1.49  0.756  17
  1.05  0.743  17 9 5 17 9
  2.11  0.893  11 5 11 14
  1.53  0.759  5 3 14 8 9
  2.57  0.669  11 10
  1.22  0.587  12 3 5 14
  3.67  0.789  0 17 11 17 8
  1.35  0.831  17 13 9 5 16 17
  1.68  0.559  12 3
  3.69  0.584  12 3 7 3 17 12
  3.03  0.564  17 8 11 9 7 10 9
  3.24   0.65  3 5 11 0
  3.18  0.817  5 11
  1.01   0.72  11 9 7
  1.05  0.699  18 17
  3.05  0.801  18 17 11 12
  1.78  0.883  8 11 14 3
  2.72  0.719  8 6 11 3 14 14
   1.4  0.787  9 12 17 18 11
  3.82  0.653  11 3
  1.16  0.922  14 10 8 3 10
  5.04  0.642  11 8 11 7 14 1 7
  1.46  0.725  7 6 19 18 17 6 14 11 5
  1.59  0.669  15 15 19 12
  2.87  0.782  19 11 17
  1.56  0.705  17 0 17
  2.15  0.804  9 14 12
  1.31  0.737  14 3 14 18 9 8
  1.28  0.673  14 8 17 9 7
   1.1  0.703  14 8 17 9 7 17
  2.87  0.802  11 12 4 13
  4.33  0.716  16 3 18 7
  1.34  0.659  7 5 13 8 8
  1.38  0.629  4 17 0
  5.72  0.665  19 10 3
  1.36  0.717  8 14 6 17 15
  2.32  0.827  17 14 17 4 9
  2.09  0.808  13 3 11 7 8
  1.77  0.776  19 14 18 0
  1.07  0.562  9 11 9 10 0 9 0
  1.29  0.679  10 8 9
  3.68  0.841  11 5 18 8
  1.54  0.738  11 8 2 9 14
  2.26  0.586  2 12 10
  1.28  0.758  17 8 9 7 8 8
  1.79  0.929  9 10 9
  1.23  0.843  11 5
  1.93  0.897  17 3 15 13
  1.42  0.944  10 9 14 6 3 3 9 4
  1.15  0.761  8 9 7 17 9
  2.62  0.787  17 7 5
  2.43  0.554  13 7 19 16
  2.14   0.81  13 7 19 16 3
  1.09  0.696  7 19 11 17 17 17 8
  1.34  0.656  17 8 11 9
  1.89  0.688  14 4 3 0 14
  1.02  0.751  11
  1.57  0.751  7 8 9
  3.49  0.669  10 8 6 17 9 5 15
  1.35  0.814  10 15 8
  1.74  0.735  11 14 17 9
  1.31  0.876  17 5 3 8 16
  1.17  0.562  11 11 9 3 0
   1.6  0.651  3 7
  1.65    0.7  9 17 11 6
   1.2  0.664  6 17 18 7 18 17
  1.56  0.524  5 10 19 5 8 6
  1.09  0.698  5 3 14 3 7 9 14
  2.24  0.626  14 6 0 18
  1.11  0.743  8 3 7 0 3
  3.19  0.787  6 11 8 8
   1.7  0.754  0 8 17 7 3
  2.24  0.642  7 15 3
   1.7  0.814  17 18
  1.01   0.66  15 8 17 8 3 13
  1.99  0.747  8 0 7 11 14
  1.83  0.747  4 9
  3.22  0.664  9 17
   2.4   0.89  9 6 16 3 14
  1.17  0.721  8 3 8 17 14 12 14
  1.54   0.52  3 11 17
  1.41  0.777  8 11 19 13
  1.53  0.743  8 5 14 8
  1.82  0.631  9 14 14 6 9
  3.59  0.778  13 9 6
  2.29  0.796  11 3 6 5 11 3 7 3
  1.07  0.744  11 14 14 3 8
   1.5  0.516  19 7 16
  2.52  0.887  16 7 5
   1.3  0.749  3 3 4 8
  1.57  0.833  11 4 17 4 7 19
  1.33  0.642  3 9 8 19 8
  1.37  0.726  13 3 11 0 3
  1.65  0.702  8 7 0 6 11
  1.12  0.769  8 9 17 17 9
  1.06  0.741  14 8
  1.23   0.94  0 12 0
  1.28  0.802  17 3 14 9 10
  1.95    0.7  3 8
  2.34  0.684  3 8 18 7 17 3
  2.68   0.77  15
   1.2  0.584  15 9 4 3
  3.52  0.809  4 13 16 11 18
  2.49  0.729  8 15 7 11 18 17
  3.02  0.727  11 11 11
  2.19   0.91  11 8 8 0
  1.08  0.584  11 5 13
  1.11  0.616  14
  1.65  0.888  9 3
  1.28  0.684  9 3 8 10 14
   2.4  0.788  14 10
   1.3  0.791  3 10
  2.91  0.814  3 10 10 3
  1.29  0.653  3 14 9 17 11
  1.05  0.703  9 17 8 9
  3.51  0.705  8 3 11 13
  1.02  0.789  3 3 3
  1.08  0.511  3 8 5 3
  1.62  0.785  9 5 7 17 3 12
  1.35  0.762  9 7
  2.55   0.63  7 14 11 14 5 3 3
   1.7  0.612  3 17
  1.49  0.727  3 17 12 12 17
   2.4  0.817  4
  1.81  0.766  0 10 13 7 0 10
  1.66  0.588  3 12 8 12 3
     3   0.53  9 8 16 10
  1.95  0.728  0 10 11 17 4
  1.12  0.746  12 14 11
  2.09  0.913  16 3 11 3
   1.3  0.711  11 6 9 11
  1.98  0.677  4 8 9 17 6 7
  2.62  0.665  13 11 11 8
  1.28  0.618  3 11 3 14 6 3 8
  1.06  0.652  18 18 3 8
  3.34  0.618  5 3 3 0 8 14 4
   1.2  0.573  8 0 14 14
  2.95  0.701  9
  1.56  0.821  5 3 7 11 13 5 11 3
  1.74  0.781  11 4 14 3 14 11 8
  1.32   0.78  7 3
  1.09  0.817  17 18 11 12 14
  1.31  0.721  5 4
  2.28  0.814  3
  1.75  0.695  9 17 13 13
  1.35  0.956  8 11
  1.26  0.789  8 11 17 3
  2.04  0.686  13 5 19 14 9
  1.32  0.797  14 17 3
  5.44  0.886  14 3 14 14 14 17
  3.05  0.808  8 11 11 13
  1.41  0.766  6 3 13 9 17
  1.05  0.908  3 11 10
   2.7  0.559  17 4 19 11
  2.16  0.766  3 13 18 6
   1.4  0.818  17 11 3 11 11 11 8 8
  1.09  0.736  8 4 17 5 18
  3.04   0.78  8 0 5 11
  1.38  0.706  3 13 14 14
  3.22  0.705  6 9 11 3 14
  2.87  0.728  0 9 3 19 4
  1.47  0.719  0 4 5 13
  1.04  0.932  0 5 13 19 3 13
  2.27  0.739  9 4 8
  1.05  0.695  7 11 11 6 17
  2.52  0.758  11 11 11 4 11
  1.45  0.517  3 5 0 9
  1.67  0.775  8 15 14
  3.08  0.795  14 13 5 10 3
  1.79  0.637  17 17
  1.45  0.715  14 9
  1.49  0.883  19 8 17 18 14
  3.41  0.711  8 17
  3.46  0.845  6 11 9 0 12
  2.54  0.941  7 3 14
   1.2   0.76  18 3 0 6
  2.11  0.459  18 5 3
  2.86  0.695  3 3 8
  4.22  0.796  4 17 3 11 17
  2.28  0.757  17 17 9
  1.32   0.82  0 17 11 12
  1.53  0.599  8
  1.13  0.704  14 14 3 9
  1.69  0.663  11 18 11 8 4
  1.32  0.629  11 5 7 14 11 7 8 17
  2.43  0.675  14 8 14
   1.8  0.808  9 0 3 3 11 14 11 17
  1.02  0.792  10 19 13
   2.1   0.76  10 15 14 17 8
  1.25  0.773  5 5
  3.61  0.766  5 14 7
  1.76  0.749  11 3 3
  1.61  0.859  5 3 9 11 15
  1.04  0.736  9 14
  1.61  0.786  14 14 9 4
  4.98  0.854  11 6 0 0 5 3
  1.82  0.741  0 0 8 12 11
  3.47  0.811  3 14 17 13 17
  2.58  0.797  17
  1.13  0.765  5 15 14 7 11
  1.26   0.86  19 13 10 3
  1.43  0.858  3 18 9 0
  1.32   0.92  14 0 12 2 13 17 17 8 7 5
  1.31  0.779  12 11 14 11 11
  1.02   0.82  10 13 3
  1.36  0.763  14 3 7 9
   1.2   0.72  19 3 11
  4.42  0.794  0 8 10
  1.58  0.986  9 17 9 1 17
  1.49   0.68  14 10 3 0
  1.96  0.827  11 5 4 14 9 5
  1.52  0.821  3 3 9 11
  3.34   0.89  11 17 3 11 8
  1.14  0.619  11 11 8 17 3
  1.19  0.908  9 6 8 0 14 19 11 19
  3.11  0.694  8 11 8 9 4 3
  1.03  0.716  17 17
  2.25  0.802  11 9 9
  3.41  0.957  17 9
  1.79  0.616  17 15 9
  1.08  0.853  18 10 19 9
  1.17  0.694  8 5
  1.13  0.939  19
  1.28  0.813  11 11 9 14
  1.48  0.801  8 6 7
  2.45  0.734  11 9 0 18
  1.16  0.751  9 7 17
  1.67   0.81  7 4 6 10 8 8
  1.66   0.78  6 9
  1.41  0.638  11 9
  2.05  0.688  14 9 18 16 9
  1.21  0.606  8
  1.11  0.779  8 9 13 11 7 17 10
  1.92  0.655  10 11 7
  1.69  0.678  10 8 17 9 10
  1.07  0.583  8 19 11 6 17 16 3 3
  3.35  0.799  3 8 6 14
  2.85  0.881  8 19 19
  2.95  0.726  11 10
  2.09  0.645  8 19 11 7
  2.31  0.642  10 4 14 0 3 18 11
  3.68  0.818  3 17 14
  1.99  0.798  11 9 17
  3.27  0.803  7 17 14 11 9
  1.64  0.697  10 8 14
  2.15  0.711  8 8
  1.19  0.707  4 5 9
  1.51  0.857  7 12 7 11 0 5
  1.39  0.691  8 0 14 3 7 3 17
  1.74  0.859  9 19 11 11 10
  1.05  0.709  17 19 11 12 7 15
  2.38  0.972  14 15 12 9 9 5
  3.53  0.909  7 8
  1.89  0.609  6 17 17
  1.95  0.715  3 8 4 5
  1.12  0.765  4 8 17 3
  1.78  0.919  3 10
   1.7  0.724  10 3 6 14
  1.49  0.842  3
  1.37  0.824  14 8 8 9 11 4
  1.44   0.63  9 11 0 8
  1.12  0.592  17 11 12
  3.56  0.698  17 11 3
  2.09   0.79  4 18
   1.4  0.748  18 17
  1.41  0.769  17 8
  1.13  0.734  15 12
  5.16  0.861  17 11 15 8
  1.99  0.835  18 13 11 19
  1.83  0.636  13 17 12 11
  1.38  0.872  8 17 5
  1.15  0.665  8 14 11 11 4
  1.13  0.743  9 17 6
   1.5  0.629  14 9 19
  1.37  0.473  14 18 8 9 9 12
  1.35  0.728  18 12 5 8 18
  1.68  0.755  3 10 7
  2.14  0.749  3 10 7 8
  1.76   0.79  12 8 14 4
  2.26  0.758  9 14
  2.37  0.938  19 19
  3.77  0.771  11 11 17 9
  2.55  0.864  7
  1.37  0.724  7 12 7 8 9
   1.4  0.645  17 14 9 15 9
  1.78  0.748  3 13 8 17 9 19 3
  1.21  0.741  14 7 12 8 11 11 11
  2.27  0.693  14 3 8 13
  3.15  0.877  7 8 8
  2.06  0.863  14 7 7 9
  1.23  0.668  10
  1.41  0.797  10 3 17 17 11
  2.45  0.886  17 17 19
  1.69  0.464  17 19 8 17 11 17
  1.98  0.754  17 11 4 17 3 8
  2.01  0.639  8 0 11 11 17 15
  1.06  0.671  3 11 17 8
  1.22  0.796  11 14 13 11
  1.12  0.844  3 10 9 4
   1.4  0.859  3 11 5 16 6
  1.09  0.738  14 17 13 8
   2.7  0.782  8 11
  1.08  0.957  18 14 8
  1.01  0.635  17 1 12 11 17 10 17 3
  1.04  0.686  3 11 19 17 11
  1.37  0.755  8 9 9
  1.04  0.769  9 11 9 3 17
  2.54  0.681  10 6 11 19 5 9 6 8 9 9 3
   2.6  0.577  18 17 18 8 7
  1.13  0.872  8 8 19 17
  1.75  0.671  8 9 8 17
  1.05  0.916  9 14 17 17 17 16
  1.59  0.925  10 18
  3.73  0.797  18 0 17 12
  2.55  0.935  11
  1.76  0.735  11 7 11 11 12 3 10
  3.61  0.728  0 11 9 11 0
  1.96  0.762  10 14 15 11
  1.34  0.618  15 17 11 17 9
  1.95  0.613  12 5
  2.33   0.74  13 5 17 8 11 9
  2.55  0.804  17 14 17 15 10
  1.06  0.542  17 9 8
  2.11  0.859  12 9 5
  4.16   0.73  17 8 8
  1.38  0.769  17 8 8 10 18
  1.19  0.865  10 17 8 8
  1.36  0.739  8 3 8 11
  1.17  0.598  9 8 14
  2.51  0.588  9 0
  1.97  0.719  9 9 14
  2.39  0.699  0
  1.01  0.889  0 14 11 14 14 3
  1.37  0.827  8 17 5 3 19 17
  2.51  0.667  11 9
  2.07   0.64  7 3 7 19 8 9
  1.62   0.72  10
  1.18  0.764  18 10 12
     1  0.909  18 5 19
  1.03  0.674  5 8 19
  1.59  0.545  3 8 11 8 11 17
  1.17  0.727  3 14 14 11
   1.2  0.734  14
  1.77  0.674  14 16 3 11 8 5 17
  3.32  0.863  8 17
  2.14   0.74  17 8 15
  1.02  0.605  3 3 11 18 0
  2.37  0.708  3 17 3 8 6 9 0 17
  1.02  0.693  6 14 18 8 11 8
  4.77  0.735  4 12 17 3 19 9 14
  1.05  0.792  11 3 9 17 9 17
  1.31  0.643  17 8 17 18 11
  1.63  0.647  15 12 17 0 9
   1.1  0.682  8 17
  1.67  0.786  18 3 11 9
  2.98  0.791  8 17 11
  2.16  0.615  5 8 19
  1.77  0.805  14 11 9 8
  1.46  0.823  7 8 3 11
  2.24  0.802  6 19 0 13 17
  2.55  0.771  3 11
  1.59  0.623  0 11 8 18 8
  1.53  0.896  18 3 5 17 3
  2.92  0.656  3 0 18 8 0
  1.96  0.771  8 13 12 8
  1.22  0.815  9 18 3 4
  4.81   0.76  4 9 4 0 17 7
  1.36    0.7  7 11 11 3
   2.7  0.749  8 11 14 9 17 17 8
  1.84   0.77  17 9 8 18 11
  2.53  0.684  8 10 19
  1.88  0.832  8 10 19 16 8 8
  1.53  0.709  17 8 11
  3.68  0.647  8 11 8
  2.12  0.806  10 9 8 3 12 13
  1.11  0.721  8
  1.33  0.862  17 8 10 6 3 17 15
  1.24  0.723  6 0
  1.95  0.694  3 5 8 18 5 10 0
  1.31  0.711  9 8 8 13
  3.81  0.723  3 8 8 19
  3.65  0.632  6 14
  1.09  0.785  9 6
   1.4   0.81  4 11 11 9
  1.08  0.571  6 5
  1.19   0.77  5 14 7 3
  2.16  0.701  14 9 8 16 13
  1.19  0.749  14 9 8 16 13 9 8
  2.06   0.88  5 7 9
  1.44  0.632  17 5 4 0
  1.85  0.845  8 17 8 14
  1.77  0.985  8
  2.51  0.601  8 11 17 17 12
  5.41  0.617  10 19 11 17 8
  1.81   0.85  17 14
  2.97  0.795  17 3 3 14 9 7
  2.24   0.78  7 16 11 18 17
  3.86  0.686  12 8
  2.26  0.719  8 14 11 7
  1.18  0.672  3 11 3 11
  1.41  0.775  3 12 11 6 11
   2.5  0.687  11 8
  1.04  0.899  9
  2.07   0.82  5 7 11 1
  1.24  0.636  1 17 17 11
  1.47  0.888  1 12 3
  1.94  0.737  8
  2.76  0.769  10 9 18 3 4
  1.07   0.82  17 7 9 8
  1.62  0.703  5 11 12
  1.03  0.818  5 12 5 9
  2.09  0.742  7 0 11
   1.6  0.912  14 8 9 14 12
  2.68  0.854  17 9 13 17 18 17 17 0
  2.66  0.842  11 9 17
  1.41  0.904  14
  4.37  0.915  18 14 1 17
  2.06  0.485  17 14 3
  1.41   0.64  14 17 6 11 7 9 19 11 4 11
  4.26   0.73  0 9
  1.38  0.649  9 17 14
  3.46   0.72  11 0
     3  0.752  11
  1.93  0.909  11 17 9 17 17
  1.32   0.57  5 0 9 11 14
  1.07  0.788  13 2 8 3 11 4
  3.28  0.738  17 12 4 18 9
  1.27   0.66  0 15 19 0 18 9
  1.07  0.636  17 8 3 9 8 10
  1.37  0.625  11 11 9
  1.03  0.826  11 11 17 3 9 4
  1.93  0.842  3 3 11
  1.35  0.835  16 9 17 17
  6.01  0.848  11 0 10
  1.39  0.753  11 10 10 9 9
  2.46  0.763  3 17 0
  1.28  0.821  8 14 17 14
  1.22  0.689  6 12 9 4 19
  1.78   0.75  19 8
  4.72  0.792  13 17
  1.01  0.789  13 17 11 12 17 13
  1.75  0.739  16 6
  1.39  0.558  9 11 14
  4.03  0.779  11 12 11 19 1 17
   3.4  0.918  19 4
   1.6  0.605  4 13 5 11
  2.16  0.601  4 11 18 9 13 8 18
  1.59  0.735  4 9 17 18
  4.26  0.738  5 14 5 14 5 3
  1.77  0.728  19 11 10 12 9
  1.49  0.597  10 11 17 10 3 17 17
  1.27    0.8  13 3 9 11 8
  1.33  0.762  5 3 14 3 9 12 19
  2.99  0.691  17 12
   2.6  0.465  17 8 19 3
  2.15  0.612  8
  2.05  0.634  8 18
  1.17  0.754  8 9 14 9
  2.53  0.872  14 14 0 14 3 14
  1.02   0.67  14 17 13
  1.03  0.904  14
  1.37  0.932  10 18 17 3 9 7
   2.4  0.933  17 17
  2.86  0.865  3 16 16 17
  2.32  0.723  10
  1.14   0.77  8 10
  1.42  0.719  0
  3.05  0.923  13 14 8
  1.14  0.677  4 5 5 11 3
  2.28  0.629  9 16 12
  2.27   0.62  16 11 7
   1.3  0.548  9 8 19 8 17 8 18
  3.22  0.765  8 9 8 4
  7.98  0.805  11 11 10 5
  1.51   0.68  9 14 11 11
   2.2  0.948  4 8 5 4 8
  1.52  0.734  4 14 11 15 11
  1.74  0.837  4 8 17 7
  1.08  0.638  14 8 3 4
  1.33  0.876  3 18 9 9 19 8
  1.56  0.798  17 19
  1.34   0.75  17 14 8 17 14 9 8
  1.84  0.625  14 8
  2.03  0.743  8 5 17 4 14 11
  1.71  0.761  5 17 19 9 18 8 8
   1.5  0.822  10 9 9 11
  2.53  0.786  3 11 16 7
  1.41  0.564  8 11
  2.85  0.828  11 9 9
     2   0.78  16 11 9
  1.08  0.753  16 11 0 4
  1.69  0.746  6 8 5 4 5 11 13
  2.07  0.756  14
  2.32  0.698  14 11
  3.37  0.777  5 0 8 14 19 11 11
  1.72  0.775  11 13 3
  3.46  0.805  3 9 9 13 4
  1.11  0.712  17 3 3 3
  1.43   0.65  18 5
  1.61  0.717  18 5 11 0
   1.1  0.834  11 17 18 18
  1.16  0.787  8 11 9 5
  1.18  0.693  11 11 17 17 11
  2.24  0.736  9 7 8
  3.53  0.686  3 11 11
  1.29  0.741  9 11 11 6
  3.34  0.847  6 9
  2.58  0.871  10 12
  1.76  0.732  19 14
  1.05  0.752  11 17 3
  1.77  0.716  6 8 8 9
  4.23  0.684  8 5 3 11
  1.11  0.751  14 10 8 9 17
  2.69  0.718  8 9 11
  1.23   0.63  6 3 16
  2.67  0.776  12 9 15 14
  2.08  0.833  15 11 0 3 6 8 14
  1.27  0.698  11 11
  2.22  0.645  11 14 8 12 11 6
   1.5  0.755  12 17 9
  1.65  0.838  17 8
  1.17  0.903  17 8 9 0 11 7
  2.66  0.718  17 7 14 17 1 18 10 3
   1.4  0.698  4 13 3
  1.11  0.587  4 11 8 14 11 4
  2.18  0.712  17
  1.29  0.751  9 11 8 17 11
  3.31  0.842  8 8 8 2 14 11
  1.27  0.877  17 9 7 17 7 11 11
  1.22  0.555  13 14 3 3
  2.27  0.769  11 3 14 13 7 18 0
  2.71  0.685  0 9 4 11
  1.33  0.703  17 11
   2.2  0.636  16 0 8 0 0
  2.64  0.672  3 8 17 17
  1.08  0.756  14 8 14 10 11 12 8
  2.28   0.89  14 14 14 8 10 19
  1.79  0.906  4 17
  1.74   0.72  3 3 15 18 14
  2.91  0.719  7 11 10
  1.16   0.62  8 8 7 19 8 8
  1.75  0.711  8 3 8
  1.61  0.724  18 14 8 11 9 14
  1.93  0.807  14 15 18
  1.94  0.689  11
  1.15   0.71  11 6 17 8 18
  1.29  0.426  8 18 18 6 3
  2.29  0.709  11 3 10 13
  2.31  0.836  17 11
  1.57  0.795  11 11 8 14 8
   1.4  0.726  3 19 9
     5  0.865  17
  1.09  0.824  4 18 12
  2.25   1.03  18 11 14 12 15 17
  4.98  0.702  8 8 6
  2.67  0.609  17 8 14
  2.69  0.655  19 17 3 12 17
  1.01  0.623  8 6 14
  1.39  0.785  16 9 0 7 10 3
  1.97  0.842  17 3 8 4
  1.72  0.813  14 14 9 11 14
  2.61  0.638  6 13 9 8 8 5
  2.32  0.939  17 10 9 14 8
  5.76  0.758  0 7 13
  1.05  0.883  8 8 17 9 9
  1.26  0.751  17 17 9 6
  1.37  0.801  8 11 19 8 14
  1.76  0.631  5 14 19
  2.09  0.627  14 12 7 7
  1.12   0.77  7 13 12 8 17 14
  1.19  0.696  13
  1.05  0.773  13 3 0 7 17
  1.16  0.615  11 15 17 11
  2.08  0.562  19 8 8 9 3
  1.06  0.727  9 14 14 7 5
  2.97  0.652  17 10 4 3
  2.51  0.599  3 10 8
  1.06  0.805  8 11 8
  1.77  0.863  9 10 5
  3.07  0.906  11 18
   2.8  0.695  18 14 10 0 18
  1.35  0.834  3 9 10 18 14
  1.13  0.731  10 18 14 9 19
   1.6  0.709  14 14
     1  0.878  14 1 11 11
  1.67  0.912  14 11 8 9 10
  1.15  0.745  11 8 13
  1.11  0.616  5 11 9
   6.1  0.699  11 13
   1.1  0.848  11 13 11 19
  1.08  0.765  4 3 9
  1.78  0.605  19 8 18
  1.75  0.843  18 14 8 9 8 0
  1.69  0.682  14 9 0 0 8
   3.2  0.826  9 9 9 12 3
  1.66  0.583  8 6 5 8 8
  2.42  0.695  11 8 9
  1.31  0.659  8 7
  1.25  0.744  8 17 14 12 8 17
  1.28  0.724  7 0 9
  1.65  0.736  10 19
  1.22  0.929  19 10 14 0 3 17 11 14
   2.4  0.766  4 9 0 9
  2.66  0.594  3
  1.17   1.09  6
  1.33  0.704  9 18
  2.17  0.759  3 14 3
   2.2  0.637  3 14 9 3 5 5
  3.33  0.735  5 10 10 17
   2.3  0.655  15 3 14
  3.51  0.798  8 8 8 3 17 12
  2.92  0.854  6 7 14 3 4 13 14
   1.5   0.61  14 3 17
   3.7   0.67  14 11 0 11 17 12
  1.16  0.983  0 9
  1.13  0.732  9 18 17 0 14 5
  2.05  0.725  7 4 7 13
  1.79  0.806  8 8 8 11 11 14 17 11
   1.2  0.546  11 9 12 10 8
  1.77  0.788  10 11 16
   1.8  0.931  8 9 8 8 8
   1.8  0.884  11 14 17 5 1 9 8 8
  1.05  0.813  17 17 7 13 3 18
  1.77  0.729  14 11 3 0 7
  3.22   0.59  11 14 11 8 5
  3.14  0.843  14 9
  1.23  0.807  17 6
   1.1  0.834  11 17
  1.04  0.834  11 9 11 17
  2.47  0.743  3 11
   1.2  0.783  8 9 9 14 8
  2.99  0.674  3 14 11 17
  1.06  0.823  17 18
  2.04  0.668  17 7 7 19
  3.67  0.708  11 17
  2.03  0.812  11 17 19 11 6 17 8 11
  1.56  0.839  19 11 8 5
  1.94  0.747  3
  1.65  0.796  3 19 12 8
  1.82   0.77  10 4
  2.15  0.891  4 13 9 3 11
  1.99  0.617  0 17 3
  1.25  0.753  9 8 11
  2.56  0.551  17 8
   1.7  0.846  17 4 18 8 8 17 14 8 8
  1.11  0.763  14 9 8 13
   3.7  0.794  17 10 8 8 10 6
  2.14  0.974  4 18 5 3 0 11
  1.39  0.742  5 10 17
  1.79  0.843  5 10 17 14 8 3 8 14
  1.58  0.991  8 8 16 19
  2.74  0.711  19 5 12 15 19
  3.47  0.905  8 1 3 17
  1.41  0.735  9 9 11 7 19 4
  1.69  0.768  5 7 18
  1.05  0.775  8 17 9
  1.11  0.789  11
  1.31  0.664  14 3
  1.73  0.579  10 19
  3.18  0.688  19 19 7 8 8
  1.36  0.773  8 11 14 13 9 8
  1.64  0.736  11 5 9 5 8 3
  2.72   0.78  11 11 18
  1.06  0.682  17 14 14
  1.07  0.966  19 9 8 4 10
  2.58  0.722  9 8 4 10
   2.2  0.696  9 11
  1.36  0.796  5 12
   1.2  0.776  5 11 9
   4.6  0.598  19 5 14 11 11
  3.23  0.672  8 8 17 3 9
  1.82  0.827  11 11 8 11
  2.44  0.581  3 9 13 11
  1.28  0.827  3 9 6 15
  1.21  0.745  11 6 14 19 7
  1.29  0.755  11 6 14 19 7 8 8
  2.75  0.748  12
  1.35  0.775  9 0
  1.91  0.884  14 11 8 15 7
  1.06  0.809  7 9 15
  1.19    0.8  13 17 19 5 9 11
  1.44  0.933  0 0 0
  1.47  0.742  0 0 15
  1.05  0.883  17 19 11 17
  1.63  0.781  11 5
  1.07  0.794  15 11 14
  1.79  0.533  10 7 17
  2.27  0.609  19 3 18 11
  1.48  0.672  11 14 3 10 3 3 3
   1.8  0.557  3 17
  2.32  0.852  0 3
  2.57  0.908  0 3 9 0 17 14 6
  1.76  0.771  3 11 5 11
  1.05  0.624  13 12 10 9 11
  2.88  0.959  8 3 11 13 13
  1.07  0.585  3 11 13
  3.88  0.635  3 11 13 19
  1.41  0.821  11 17 3
  1.58   0.78  12 10 3
  2.35  0.814  10 11 8 3
  1.47  0.831  18 8 17 8 8 4 7
  1.02   0.73  7 11 8 11 4
  1.01  0.881  11 14 8 9 12
  2.23  0.746  9 17 8 3 9
  2.13  0.692  17 17 4 6 17 14 14
  1.01  0.788  14 8 8
  1.24  0.767  14 8 8 14 3 11
  2.29  0.742  3 14 9 8
  1.64  0.753  11 8
  2.43  0.703  8
  2.63  0.726  11 9 3 14 8
  1.07  0.684  11 11
  2.28  0.954  9 11 12
  1.45  0.757  9 6 9 18 11
  1.28  0.921  9 1 8 11
  1.99  0.749  9 9 17 19 5 0
  1.91  0.942  9 0 1 11 7 17 11
  3.96  0.738  17 15 3 8
  1.16   0.71  17 18 0 15 16 14 17
  4.62  0.902  14 8 19 8 7
  2.66  0.657  15 19
  1.68  0.653  7 8 18 5 6
  1.86  0.747  3 8 8
  2.07  0.843  3 17 3 18
   1.3  0.598  9 8 14 9
  2.09  0.627  9 8 9 8
  1.15  0.798  9 11
  1.32  0.869  17 12 10 15 17
  1.43  0.706  8 11 18 11 0
  2.31  0.753  11 9 10 16 12 8 3 8
  1.51  0.705  12 13 12
  1.42  0.837  9 9 7 17
  3.87  0.839  17 3 0
   4.2  0.634  3 17 7
   1.2  0.935  17 8 3 14 18
  3.64  0.648  17 17 9 18 1
  1.31  0.689  14 17 13 13 11
  1.84   0.74  11 6 0
  1.17  0.697  3 11
  1.28  0.855  3 4 9
  2.18  0.862  1
  1.12  0.519  18 3 9 3
  1.03  0.753  9 14 12
  1.03  0.724  14 14 11
  2.86  0.786  12 11 4 17 17
  1.68  0.749  11 4 17 17 8 17
  1.55  0.704  0 7 16 4 6 17
  2.11  0.632  17 17 5 3
  1.92  0.735  5 3 19 19 6
  2.04  0.736  5 3 19 19 10 14 16
  2.42  0.684  5 19 14 11
  1.45  0.872  14 8 8 17
  2.16  0.716  8 12 14
  1.83  0.837  12 14 3 6
  1.16  0.783  11 9 10
  1.49      1  11 7 5
   1.3  0.675  16
   1.3  0.724  11 11 18
  2.55  0.803  8 17 3 9 4 17
  3.29  0.812  11 14
  1.66  0.695  11 9 15 9 8 11
  1.21  0.583  12 4
  2.06  0.649  5 19 13 3 11 3 8
  1.86  0.886  7 3 8 8 14 17
  1.66  0.782  3 3 11 18 3 12
  1.21  0.558  15 3
  1.26  0.713  15 3 6
  2.33  0.808  15 17 4 12
  3.34   0.87  10 9 13 6
  1.36  0.726  0 11
  1.73  0.711  0 11 14 19 5 3
  1.31  0.791  8 14 9 14
  1.04  0.738  16 8 3 12
  1.32  0.608  1 7 3 8 11 16 3
  2.37  0.706  11 0 0 3 9
  6.24  0.808  11 0 0 18 14 9 7 14
     4  0.744  4 8
  1.09   0.78  18 4 6
  2.78  0.863  18 8 19
  1.03  0.803  3 5 9 0 4
  2.98  0.729  5 0
  1.69  0.641  8 3 16
  2.17  0.683  8 3 16 5 17
  1.49  0.686  11 13 14 14 1 15
  1.18  0.805  7 4 9 8
  3.15  0.911  3 15 7 9
  2.55  0.946  3 4
  2.42  0.473  4 3 8
  1.48  0.812  8 11 17 14 12
  1.37  0.783  14 8 3 19 14
  2.26  0.763  3 13
  1.31  0.672  8
  3.18  0.783  8 17 17
  1.17  0.681  17 17 18 3 14 5
  1.49  0.753  3 9 17 10 12
  2.47  0.651  17 11 8 3 4 11 14 14
     2  0.678  3 8 17 3 9 4
  1.59  0.899  17 11 3 16
  3.82  0.694  7 5 11
  1.06  0.577  14 17 11 7 10 3 0
  1.26  0.753  11 9 11 6 11 0 15
  1.15  0.897  6 18 14 4 5
  1.33   0.58  5 18 14 7 3 8
  2.55  0.707  8 8 4 11 10 11
  1.62  0.823  10 7 0 9 17 7
  2.08   0.82  8 4 15 3 14 10 11 8
  1.94  0.721  3 15 5 8 8 14
  2.56  0.764  3 17 8 17 8 12 5
  3.13  0.614  8 11 11 3 17
  1.37  0.781  14 3 7 9
   1.2  0.862  8 6 17
  1.19  0.623  8 6 17 4 9
   1.6  0.631  13 11 0 0 10 8 17
  1.72  0.663  11
  1.79  0.757  5 14 14 8
  1.04  0.775  14 4 6 3
  1.54  0.673  14 4 14
  2.38  0.701  9 12
  1.73  0.718  3 0
  1.57  0.769  10 0 17 17 9
  1.19  0.648  17 18 16 4
  1.62  0.822  16 5 8 13
  1.39  0.614  9
  1.03  0.915  17 17 9
  3.29  0.563  4 9 14 13 0 12
   1.7  0.729  18
  2.45  0.775  8 7 17 8 5 5 16 9 10
  2.52  0.722  16 7 8 5
  1.78  0.688  8 18
  2.14   0.74  11 1 12 2
  1.62   0.82  11 10
  2.43  0.622  11 17 7 8 7 8 11 7 7 5
   1.5  0.701  8 3 10
  3.19  0.612  8 3 10 15 8 17
  2.05  0.665  8
  1.78  0.762  3 18 8 17 16
   1.7   0.73  15 11 11 13
  2.79  0.808  11 8 3 9
  1.52  0.627  12 9 0 12 7 17
  4.21  0.659  19 9 9 9
  2.42  0.756  17 12 9 5 17
  2.88  0.765  9 7 9
  2.05  0.703  17 4 14 19 17
  5.29  0.883  11 0 9 9 14 11
  4.78  0.905  0
  1.61  0.766  17 0 8 14
  3.48  0.837  11 9 8 3
  1.04  0.678  8 17 3 19 14
  2.97  0.803  17 14 3 19 14
  1.01  0.789  14 3 8 17 9 5 16
  1.68  0.435  9
  1.19  0.674  9 4 19 19 19
  1.38  0.822  17 17
   1.8  0.778  14 14 11 5 5
  1.69  0.727  10 11 3 9 3 14 5
  4.42  0.734  8 17
  1.17  0.768  8 11 14 17 14
  1.86  0.679  8 17 10 10 11 11 11 19
  3.44  0.688  17 4 9
  3.14  0.785  9 9 0 11 8
  1.09   0.82  6 17
  2.38   0.91  3 12 13 14 10
  1.47    0.5  10 13
  4.36  0.846  13
  1.09  0.936  11 17 17
  1.14  0.842  17 12 3 8
  1.29   0.93  12 3 8
  2.26  0.845  11 5 7
  1.23  0.782  8 14
  1.35  0.446  5 17 11
   1.4  0.721  11 3 12 13
  1.47  0.785  13 4
  2.03   0.76  12 13 4
  1.24  0.747  9 4 9
  2.58  0.754  11 8
  3.87  0.822  10 8
  2.29  0.626  10 18 5 3 5 14
  1.23  0.852  7 10 6
  2.63  0.676  17 14 3 12
  2.54  0.802  10
  2.14  0.678  14 0 14
  1.76  0.899  6 4 19 9 11 17
  1.03  0.756  0 11 10 12
  1.79  0.748  12 9 5 5
   1.5  0.759  14 10 14 9 9
  1.54  0.645  14 7 9
   1.8  0.899  17 18 15 6
  1.74  0.682  8 11 8
  2.13  0.837  13 0 3 9
  2.97  0.694  0 8 17 17
  3.03  0.758  0 17 14
  4.59  0.863  0 17 14 3 13 13
  1.75  0.773  13 17 4 10
  3.06  0.812  0
  1.64  0.671  11 5 3
  1.98  0.572  6 13 8 4
  1.75  0.891  10 6 8 9 0 6 11
  1.38  0.762  17 9 4 11 17 12
   1.2  0.822  3 14 0 9
  4.71  0.783  3 14 10 11 9 15
  1.19  0.724  14 0 11 17 0
  1.35  0.775  11 9 11 15
  1.41  0.821  9 3 11 8 17
  1.63  0.656  3 0 5 3
  1.06  0.513  9 1 7 17 5
  1.39  0.687  11 19 4
  1.83  0.844  17 18 18
  1.85  0.705  9 8 17 11
  1.78  0.658  11 11 17 18
  1.25  0.674  1 8 14
  1.13  0.673  18 11 14 8
  1.46   0.96  16 14 3 3 11 3 17
  1.09  0.801  8 11
  1.66  0.747  18 0 17
  1.88  0.982  17 8 9 11 11
  1.41  0.969  9 8 6 11 9
  1.01  0.707  9 3 17 17 11 11
  2.07  0.874  4 17
  1.18  0.814  4 17 17 11
  1.85  0.858  4
  1.25  0.844  6 11 7 8 5 5 11 11 10
  1.46  0.759  5 6 9 9 9
  1.43  0.724  17 11 8
   2.6  0.737  17 18 11 11 17 15
   1.2  0.712  11 9 5 7 11
  3.82  0.825  15 3
   3.2  0.754  6 14 19 10
  1.65      1  6 15 15 10 16 8
  2.49  0.982  15 11 15
   2.1  0.916  9 3 14 8 9
  1.56  0.672  9 14 8 9 8 14
  1.14  0.551  6 7 9 9
  1.04  0.873  9 19 14 8 11 11 3 14 5
  3.21  0.809  5 5 8 11 4 17 8 11
  3.23  0.801  4 3 9
  1.92  0.715  4 9 3 12 3
  1.69  0.791  7 17 9 0
  1.51  0.563  6 4 2 11 11
  2.43  0.892  14 11 8 17 9 10
  1.46  0.741  9 12 9
  1.14  0.593  3 18
  4.89  0.612  18 8 9 3
  1.37  0.685  17 9 17 9 17 14 15
  1.69  0.752  6 8 14 11 10 3 4 7 3
  1.18  0.857  11 12
  2.89  0.747  13 8 14 8 18
  1.96  0.751  9 17 12
  1.26  0.893  14 14
  2.37  0.646  14 12 3 3 3 10
  2.57  0.641  14 17 14 3 11 17 17
  1.06  0.788  17 11 7
  1.49  0.632  8 17 4 17 11
  1.49  0.716  4 3
  2.03  0.876  7 9
  2.38  0.703  14 13 3
  2.34  0.556  19
  4.47  0.758  13 3 11 19 18 3
  2.37  0.667  8 11 11 6
  1.12  0.832  8 17
  2.56  0.906  5 17 3 17
  3.75  0.648  14 3 10 4
  2.15  0.534  9 11
   1.5  0.597  15 8 15 11 3
  1.44  0.771  0 17 14
  2.71  0.753  3 7 9 3 5 4
  1.69  0.634  8
  1.14  0.677  8 13 11 9 10 14 4
  1.22  0.777  11 4 15
  1.75  0.711  17 7 14 17
  1.58  0.746  14 0 8 13 10 18
  1.89  0.809  6 17 7

